4,1.0
5,0.0
6,0.0
7,0.0
8,0.6666666666666666
9,0.0
10,0.6666666666666666
11,0.6666666666666666
12,1.0
13,0.6666666666666666
14,0.6666666666666666
15,0.3333333333333333
16,0.6666666666666666
17,0.0
18,0.3333333333333333
19,1.0
20,1.0
21,0.0
25,0.6666666666666666
26,0.3333333333333333
27,0.3333333333333333
28,0.0
29,0.0
30,0.3333333333333333
31,0.6666666666666666
32,0.3333333333333333
33,0.3333333333333333
34,0.0
37,0.6666666666666666
38,1.0
39,0.3333333333333333
40,0.3333333333333333
41,0.6666666666666666
42,1.0
43,1.0
45,0.6666666666666666
46,1.0
48,1.0
49,0.6666666666666666
50,0.6666666666666666
51,0.3333333333333333
52,0.0
53,0.3333333333333333
54,0.6666666666666666
55,0.6666666666666666
56,0.6666666666666666
57,0.3333333333333333
60,1.0
62,0.6666666666666666
65,0.0
66,0.6666666666666666
67,0.3333333333333333
68,0.3333333333333333
69,0.0
70,1.0
71,0.3333333333333333
73,0.6666666666666666
75,0.3333333333333333
76,0.6666666666666666
77,1.0
78,1.0
80,0.0
82,0.6666666666666666
83,0.6666666666666666
84,0.6666666666666666
85,0.0
86,0.3333333333333333
87,0.3333333333333333
88,0.3333333333333333
89,0.6666666666666666
90,0.6666666666666666
91,0.6666666666666666
92,0.6666666666666666
93,0.3333333333333333
94,0.6666666666666666
97,1.0
98,1.0
99,0.6666666666666666
100,1.0
101,0.3333333333333333
102,0.6666666666666666
103,0.6666666666666666
104,1.0
105,1.0
106,1.0
107,1.0
108,1.0
109,0.3333333333333333
111,0.6666666666666666
112,0.3333333333333333
113,1.0
114,0.0
115,0.6666666666666666
116,1.0
117,1.0
119,1.0
120,1.0
121,1.0
122,0.3333333333333333
123,1.0
124,1.0
125,1.0
126,0.6666666666666666
129,0.6666666666666666
130,1.0
131,0.6666666666666666
132,0.6666666666666666
133,0.3333333333333333
135,0.3333333333333333
136,0.6666666666666666
137,0.6666666666666666
138,1.0
140,0.6666666666666666
141,0.3333333333333333
143,0.6666666666666666
144,0.6666666666666666
145,0.3333333333333333
147,0.3333333333333333
148,1.0
149,0.6666666666666666
150,0.6666666666666666
151,0.3333333333333333
152,0.3333333333333333
153,0.6666666666666666
154,0.6666666666666666
155,1.0
156,0.0
157,0.0
158,0.0
159,0.0
160,0.0
161,0.3333333333333333
162,0.3333333333333333
164,1.0
165,0.3333333333333333
166,1.0
167,0.6666666666666666
170,0.3333333333333333
171,0.6666666666666666
172,0.3333333333333333
173,0.0
176,0.0
177,0.0
178,0.0
179,0.0
180,0.6666666666666666
181,1.0
182,0.6666666666666666
183,0.3333333333333333
184,0.0
185,0.6666666666666666
186,0.3333333333333333
187,0.0
189,1.0
190,1.0
191,1.0
192,1.0
193,1.0
194,1.0
195,1.0
197,0.6666666666666666
198,0.0
201,0.6666666666666666
202,0.6666666666666666
203,0.3333333333333333
204,0.6666666666666666
207,0.6666666666666666
208,0.3333333333333333
209,0.0
210,1.0
211,1.0
212,0.6666666666666666
215,1.0
216,1.0
217,1.0
218,0.6666666666666666
219,0.6666666666666666
220,0.3333333333333333
221,0.3333333333333333
222,0.3333333333333333
224,0.0
227,0.0
228,0.0
229,0.3333333333333333
230,0.0
231,0.3333333333333333
232,0.3333333333333333
233,0.0
234,0.0
235,0.0
236,0.0
237,0.0
238,0.0
240,0.3333333333333333
241,1.0
243,1.0
244,1.0
245,0.6666666666666666
246,0.6666666666666666
247,0.0
248,0.6666666666666666
250,0.0
251,0.3333333333333333
253,0.6666666666666666
254,0.6666666666666666
255,0.6666666666666666
256,0.6666666666666666
260,0.3333333333333333
261,1.0
262,1.0
263,1.0
264,1.0
265,1.0
266,1.0
267,1.0
268,1.0
270,1.0
271,0.0
272,1.0
273,0.6666666666666666
275,0.3333333333333333
276,0.3333333333333333
277,0.3333333333333333
278,0.3333333333333333
279,0.3333333333333333
280,0.3333333333333333
281,0.0
283,0.3333333333333333
285,0.6666666666666666
288,0.6666666666666666
290,0.3333333333333333
292,0.0
293,0.6666666666666666
294,0.3333333333333333
295,0.6666666666666666
296,0.3333333333333333
297,1.0
298,1.0
300,0.6666666666666666
301,0.3333333333333333
302,0.3333333333333333
304,0.3333333333333333
305,0.3333333333333333
306,0.0
307,0.0
310,0.3333333333333333
311,0.0
312,0.3333333333333333
313,0.3333333333333333
314,0.6666666666666666
315,0.6666666666666666
317,0.3333333333333333
318,0.6666666666666666
319,0.3333333333333333
320,0.6666666666666666
321,1.0
324,1.0
325,1.0
326,1.0
327,0.3333333333333333
329,0.3333333333333333
330,1.0
332,0.6666666666666666
334,0.6666666666666666
336,1.0
337,1.0
338,0.0
339,0.6666666666666666
340,1.0
341,0.0
342,0.3333333333333333
343,1.0
344,0.3333333333333333
345,1.0
346,0.6666666666666666
347,1.0
348,1.0
349,1.0
350,1.0
351,1.0
352,1.0
353,1.0
355,0.6666666666666666
356,0.0
358,0.3333333333333333
360,0.6666666666666666
361,0.3333333333333333
362,0.6666666666666666
364,0.6666666666666666
365,0.3333333333333333
367,0.3333333333333333
368,0.3333333333333333
370,0.0
373,0.0
374,0.0
375,0.0
377,0.0
378,0.0
379,0.0
380,0.0
382,0.0
383,1.0
384,1.0
385,1.0
386,1.0
389,0.3333333333333333
390,0.6666666666666666
394,0.0
395,1.0
396,1.0
397,0.6666666666666666
398,0.3333333333333333
399,1.0
400,0.0
401,1.0
403,0.0
404,0.0
405,0.6666666666666666
406,0.6666666666666666
407,1.0
408,0.6666666666666666
409,0.0
411,0.0
412,0.6666666666666666
413,0.6666666666666666
415,1.0
416,1.0
417,1.0
418,0.3333333333333333
420,1.0
421,1.0
423,1.0
424,0.3333333333333333
425,0.6666666666666666
426,0.0
427,0.6666666666666666
428,0.6666666666666666
431,0.6666666666666666
432,0.3333333333333333
433,0.3333333333333333
434,1.0
435,0.6666666666666666
436,0.6666666666666666
437,1.0
438,0.6666666666666666
439,0.0
440,0.6666666666666666
441,1.0
442,0.0
443,0.3333333333333333
444,0.0
445,0.6666666666666666
446,0.3333333333333333
447,0.3333333333333333
448,0.0
449,0.0
450,0.0
451,0.3333333333333333
452,0.3333333333333333
453,1.0
454,0.3333333333333333
455,0.3333333333333333
456,0.3333333333333333
458,0.6666666666666666
462,0.0
464,1.0
465,1.0
466,1.0
467,1.0
468,0.3333333333333333
469,0.3333333333333333
471,0.6666666666666666
472,0.6666666666666666
474,0.6666666666666666
476,0.6666666666666666
477,0.0
478,0.3333333333333333
479,0.0
480,0.3333333333333333
481,0.3333333333333333
482,0.3333333333333333
483,0.0
485,1.0
486,0.6666666666666666
487,0.3333333333333333
488,0.6666666666666666
489,0.6666666666666666
490,0.6666666666666666
491,1.0
492,0.0
493,0.0
494,1.0
495,0.6666666666666666
496,1.0
498,0.0
499,0.0
500,0.0
501,0.0
502,0.0
503,0.0
504,0.6666666666666666
505,1.0
506,0.6666666666666666
507,0.6666666666666666
510,0.0
511,0.6666666666666666
512,0.0
514,0.3333333333333333
516,0.6666666666666666
517,0.0
518,0.3333333333333333
519,0.3333333333333333
520,0.3333333333333333
522,0.0
523,0.0
524,1.0
525,0.6666666666666666
526,0.6666666666666666
527,0.3333333333333333
528,1.0
530,0.0
532,1.0
533,1.0
534,0.6666666666666666
535,1.0
536,0.6666666666666666
537,0.6666666666666666
538,0.3333333333333333
539,0.3333333333333333
540,1.0
544,0.0
545,1.0
546,1.0
547,0.6666666666666666
549,0.0
550,0.6666666666666666
551,0.3333333333333333
552,0.3333333333333333
553,0.3333333333333333
554,1.0
555,0.6666666666666666
556,0.6666666666666666
557,0.6666666666666666
559,1.0
560,1.0
562,1.0
563,1.0
564,1.0
565,0.0
566,0.3333333333333333
567,0.3333333333333333
568,0.3333333333333333
569,0.6666666666666666
570,0.3333333333333333
572,1.0
573,1.0
574,0.3333333333333333
576,0.3333333333333333
578,1.0
579,0.3333333333333333
580,0.3333333333333333
581,0.3333333333333333
582,0.0
584,0.3333333333333333
585,0.3333333333333333
586,0.6666666666666666
587,0.3333333333333333
588,0.0
589,0.0
590,0.3333333333333333
591,0.6666666666666666
592,0.6666666666666666
593,0.3333333333333333
594,0.3333333333333333
595,0.3333333333333333
596,1.0
597,0.6666666666666666
598,0.0
599,0.0
601,0.6666666666666666
602,0.3333333333333333
603,0.0
604,0.6666666666666666
605,0.0
607,0.6666666666666666
608,1.0
609,0.6666666666666666
610,1.0
611,1.0
612,0.6666666666666666
613,0.0
616,1.0
617,1.0
618,1.0
619,0.6666666666666666
620,1.0
621,0.6666666666666666
622,0.6666666666666666
624,1.0
626,0.6666666666666666
628,0.6666666666666666
631,0.3333333333333333
633,1.0
635,1.0
636,1.0
637,1.0
639,1.0
641,0.0
646,0.3333333333333333
647,0.0
648,0.3333333333333333
649,0.0
650,0.3333333333333333
651,0.0
652,0.0
653,0.0
654,0.3333333333333333
655,0.3333333333333333
656,0.0
657,0.0
658,0.0
659,0.3333333333333333
661,0.0
663,0.3333333333333333
664,1.0
665,1.0
666,0.0
667,1.0
669,0.6666666666666666
670,0.6666666666666666
672,0.0
673,0.3333333333333333
675,0.0
676,0.3333333333333333
677,0.6666666666666666
678,0.3333333333333333
679,0.6666666666666666
681,0.0
682,0.0
683,0.0
684,0.0
685,0.0
686,0.0
687,0.3333333333333333
688,0.0
689,0.0
690,0.0
691,0.0
692,0.0
693,0.0
694,0.3333333333333333
695,0.6666666666666666
696,0.6666666666666666
697,0.6666666666666666
699,0.3333333333333333
700,0.3333333333333333
701,0.6666666666666666
702,0.0
703,0.0
704,0.0
705,0.3333333333333333
706,0.0
707,0.6666666666666666
709,0.0
710,0.0
711,0.0
712,0.0
713,0.0
714,0.0
715,0.0
717,0.3333333333333333
718,0.6666666666666666
719,0.3333333333333333
720,0.0
721,1.0
722,1.0
723,0.3333333333333333
724,0.0
725,0.0
726,0.6666666666666666
727,0.3333333333333333
729,0.0
730,0.0
731,0.0
733,0.0
734,0.0
735,0.0
736,0.0
737,0.6666666666666666
738,0.0
740,0.0
741,0.3333333333333333
742,0.0
743,0.0
744,0.0
745,0.0
746,0.0
748,0.6666666666666666
749,0.6666666666666666
750,0.0
751,0.0
752,0.0
753,0.6666666666666666
754,0.6666666666666666
755,0.3333333333333333
756,0.0
757,0.0
758,0.0
759,0.3333333333333333
763,1.0
764,0.3333333333333333
765,0.6666666666666666
766,0.3333333333333333
767,1.0
769,0.3333333333333333
770,0.0
771,0.0
772,0.0
773,0.3333333333333333
774,0.6666666666666666
775,0.3333333333333333
776,0.3333333333333333
777,0.6666666666666666
778,1.0
779,0.3333333333333333
780,0.6666666666666666
781,0.6666666666666666
782,0.3333333333333333
783,0.3333333333333333
784,0.3333333333333333
785,0.0
786,0.3333333333333333
787,0.0
788,0.0
789,0.0
790,0.0
791,0.3333333333333333
792,0.3333333333333333
793,1.0
794,0.3333333333333333
795,0.3333333333333333
796,0.3333333333333333
797,0.0
800,0.0
802,0.0
804,0.6666666666666666
805,1.0
806,1.0
807,0.6666666666666666
809,0.0
813,0.3333333333333333
814,0.3333333333333333
815,0.0
816,0.3333333333333333
819,0.0
821,0.6666666666666666
822,0.6666666666666666
823,1.0
824,1.0
825,1.0
826,0.6666666666666666
827,0.0
828,0.3333333333333333
829,0.3333333333333333
830,0.3333333333333333
831,0.3333333333333333
833,1.0
835,0.6666666666666666
837,0.6666666666666666
839,0.0
840,0.0
841,0.0
842,0.6666666666666666
843,1.0
844,1.0
845,0.0
846,0.0
847,1.0
848,0.6666666666666666
849,0.0
850,1.0
851,0.6666666666666666
852,1.0
853,0.6666666666666666
855,0.6666666666666666
856,0.3333333333333333
858,0.6666666666666666
859,0.3333333333333333
860,0.3333333333333333
861,0.3333333333333333
865,1.0
866,1.0
867,1.0
869,0.0
873,1.0
875,0.6666666666666666
876,0.0
877,0.6666666666666666
878,1.0
880,1.0
882,0.3333333333333333
883,0.3333333333333333
885,0.0
886,0.6666666666666666
887,0.6666666666666666
888,1.0
889,0.6666666666666666
890,0.6666666666666666
891,0.0
892,0.0
893,0.0
894,0.0
895,0.0
896,0.0
897,0.0
898,0.0
899,0.3333333333333333
902,1.0
903,1.0
904,0.0
905,0.0
906,0.0
907,0.3333333333333333
908,0.0
909,0.6666666666666666
910,0.0
911,0.6666666666666666
912,0.0
913,0.6666666666666666
916,0.0
917,0.6666666666666666
918,0.0
919,0.3333333333333333
921,0.0
922,0.0
923,1.0
924,0.6666666666666666
926,0.3333333333333333
927,0.3333333333333333
928,0.0
929,0.3333333333333333
930,1.0
932,0.6666666666666666
933,0.3333333333333333
935,0.0
936,0.3333333333333333
937,0.3333333333333333
938,0.0
940,0.3333333333333333
941,0.3333333333333333
942,0.3333333333333333
943,1.0
944,0.0
946,0.6666666666666666
947,1.0
948,0.3333333333333333
949,1.0
950,1.0
951,0.6666666666666666
952,0.6666666666666666
953,0.6666666666666666
954,0.3333333333333333
955,0.3333333333333333
956,0.3333333333333333
957,0.3333333333333333
958,0.3333333333333333
959,0.3333333333333333
960,0.0
961,1.0
963,0.6666666666666666
964,1.0
965,1.0
966,0.3333333333333333
967,0.0
969,0.0
970,0.0
971,0.6666666666666666
972,0.0
973,0.0
974,0.3333333333333333
975,0.3333333333333333
976,0.0
977,0.0
978,0.3333333333333333
979,0.3333333333333333
980,1.0
981,1.0
983,0.0
984,0.6666666666666666
985,0.3333333333333333
988,0.6666666666666666
989,0.0
990,0.0
991,0.0
992,0.0
993,0.0
994,0.0
995,0.0
996,0.0
997,0.3333333333333333
999,0.3333333333333333
1000,0.3333333333333333
1001,0.0
1002,0.3333333333333333
1003,0.6666666666666666
1004,0.3333333333333333
1008,0.3333333333333333
1009,0.3333333333333333
1011,0.3333333333333333
1012,0.0
1013,0.0
1014,0.3333333333333333
1015,0.0
1016,0.3333333333333333
1017,0.0
1018,0.6666666666666666
1019,0.3333333333333333
1022,0.0
1023,0.0
1024,0.6666666666666666
1025,1.0
1027,0.3333333333333333
1029,0.3333333333333333
1030,0.6666666666666666
1031,0.3333333333333333
1032,1.0
1033,1.0
1034,1.0
1035,0.3333333333333333
1036,1.0
1037,1.0
1038,1.0
1039,1.0
1040,0.6666666666666666
1041,0.0
1043,1.0
1044,1.0
1045,1.0
1047,1.0
1048,1.0
1049,1.0
1050,1.0
1051,0.6666666666666666
1052,1.0
1055,0.0
1056,0.3333333333333333
1057,0.0
1058,1.0
1059,0.0
1060,0.0
1061,1.0
1064,0.3333333333333333
1065,0.6666666666666666
1066,0.6666666666666666
1067,0.3333333333333333
1068,1.0
1069,0.0
1070,0.0
1071,0.0
1072,0.3333333333333333
1074,1.0
1075,1.0
1076,0.0
1077,0.3333333333333333
1078,0.6666666666666666
1079,0.3333333333333333
1081,1.0
1082,0.6666666666666666
1084,1.0
1085,1.0
1086,1.0
1087,1.0
1089,1.0
1091,1.0
1092,1.0
1093,1.0
1094,1.0
1095,0.0
1096,0.3333333333333333
1097,0.6666666666666666
1098,0.6666666666666666
1099,1.0
1100,0.6666666666666666
1101,0.6666666666666666
1102,0.6666666666666666
1104,0.3333333333333333
1105,0.6666666666666666
1106,0.6666666666666666
1107,0.0
1109,1.0
1110,0.3333333333333333
1111,0.0
1112,0.6666666666666666
1113,0.0
1115,1.0
1116,0.6666666666666666
1117,0.3333333333333333
1119,0.3333333333333333
1120,0.0
1121,0.0
1123,0.6666666666666666
1124,1.0
1125,0.3333333333333333
1126,0.0
1127,0.0
1128,0.0
1129,0.3333333333333333
1130,0.3333333333333333
1131,1.0
1132,0.3333333333333333
1134,1.0
1135,0.3333333333333333
1136,0.3333333333333333
1137,1.0
1138,0.6666666666666666
1139,0.3333333333333333
1140,0.0
1142,1.0
1143,1.0
1144,1.0
1145,0.6666666666666666
1147,1.0
1151,0.3333333333333333
1153,0.0
1155,0.3333333333333333
1156,0.3333333333333333
1157,1.0
1158,0.6666666666666666
1159,1.0
1160,0.6666666666666666
1161,1.0
1163,1.0
1164,1.0
1165,1.0
1167,0.3333333333333333
1168,0.3333333333333333
1169,0.0
1170,0.3333333333333333
1171,0.0
1173,1.0
1174,1.0
1175,1.0
1177,1.0
1178,0.6666666666666666
1179,0.6666666666666666
1180,0.0
1181,0.0
1182,0.3333333333333333
1183,0.0
1185,0.3333333333333333
1186,1.0
1188,0.6666666666666666
1189,0.3333333333333333
1191,0.3333333333333333
1192,0.0
1194,0.3333333333333333
1195,0.6666666666666666
1196,0.0
1198,1.0
1201,1.0
1202,1.0
1203,1.0
1204,1.0
1205,1.0
1206,0.3333333333333333
1207,0.3333333333333333
1208,0.0
1209,0.3333333333333333
1210,0.3333333333333333
1211,0.0
1212,0.0
1213,0.3333333333333333
1214,0.3333333333333333
1215,0.0
1216,0.0
1217,0.0
1218,0.0
1219,0.3333333333333333
1220,0.6666666666666666
1221,0.0
1222,0.6666666666666666
1223,0.3333333333333333
1224,0.0
1226,1.0
1227,0.6666666666666666
1228,0.6666666666666666
1229,1.0
1230,0.6666666666666666
1231,0.3333333333333333
1232,1.0
1233,0.6666666666666666
1234,0.6666666666666666
1236,0.3333333333333333
1237,0.6666666666666666
1238,0.0
1239,0.3333333333333333
1240,0.0
1241,1.0
1242,0.3333333333333333
1243,0.3333333333333333
1244,0.0
1245,0.3333333333333333
1246,1.0
1247,0.3333333333333333
1248,0.0
1249,0.0
1250,0.0
1252,1.0
1253,1.0
1256,1.0
1259,0.0
1260,0.0
1262,1.0
1263,0.3333333333333333
1264,0.3333333333333333
1265,0.0
1266,0.6666666666666666
1267,0.3333333333333333
1268,0.3333333333333333
1269,0.3333333333333333
1270,1.0
1271,1.0
1272,1.0
1273,1.0
1274,0.6666666666666666
1275,1.0
1276,0.0
1278,0.6666666666666666
1279,0.0
1280,0.3333333333333333
1282,0.3333333333333333
1286,0.3333333333333333
1287,0.0
1288,0.0
1289,0.0
1290,0.6666666666666666
1292,0.0
1294,1.0
1295,1.0
1296,1.0
1297,0.0
1298,0.3333333333333333
1300,0.0
1301,0.3333333333333333
1302,0.6666666666666666
1303,0.6666666666666666
1306,0.3333333333333333
1308,0.3333333333333333
1309,0.3333333333333333
1311,0.0
1312,0.0
1314,0.3333333333333333
1315,0.6666666666666666
1316,0.6666666666666666
1317,0.3333333333333333
1318,0.0
1319,0.6666666666666666
1320,0.3333333333333333
1321,0.3333333333333333
1322,1.0
1323,0.6666666666666666
1325,1.0
1326,1.0
1327,0.0
1328,1.0
1329,1.0
1330,1.0
1332,0.3333333333333333
1333,0.6666666666666666
1334,0.6666666666666666
1335,0.6666666666666666
1337,0.6666666666666666
1338,0.6666666666666666
1339,1.0
1340,0.6666666666666666
1341,1.0
1342,1.0
1343,1.0
1344,0.6666666666666666
1346,1.0
1347,1.0
1348,1.0
1349,1.0
1350,1.0
1351,1.0
1354,1.0
1355,1.0
1357,1.0
1358,0.0
1359,0.0
1361,0.0
1362,0.0
1363,0.0
1364,0.6666666666666666
1365,0.0
1366,0.0
1368,0.0
1369,0.0
1370,0.3333333333333333
1371,0.6666666666666666
1372,0.0
1373,0.0
1375,0.3333333333333333
1376,0.0
1377,0.0
1378,0.6666666666666666
1379,0.0
1380,0.3333333333333333
1381,0.0
1382,0.3333333333333333
1383,0.6666666666666666
1384,0.3333333333333333
1385,0.6666666666666666
1386,0.6666666666666666
1388,0.0
1389,0.0
1390,0.0
1391,0.6666666666666666
1392,1.0
1393,1.0
1394,1.0
1395,1.0
1396,1.0
1397,0.6666666666666666
1398,0.0
1399,0.3333333333333333
1400,0.0
1401,0.0
1402,0.6666666666666666
1403,1.0
1404,0.3333333333333333
1405,0.6666666666666666
1406,0.0
1407,0.0
1408,0.6666666666666666
1410,0.0
1411,0.0
1412,0.0
1413,0.0
1414,0.0
1416,0.6666666666666666
1417,0.0
1418,0.0
1419,0.6666666666666666
1420,0.3333333333333333
1421,0.0
1422,0.6666666666666666
1426,0.0
1427,0.0
1428,1.0
1429,1.0
1430,1.0
1431,1.0
1432,0.3333333333333333
1433,0.0
1434,0.3333333333333333
1435,0.3333333333333333
1436,0.0
1438,0.0
1439,0.0
1440,0.3333333333333333
1441,0.0
1442,0.3333333333333333
1443,0.0
1445,0.0
1446,0.3333333333333333
1447,0.6666666666666666
1448,1.0
1449,0.0
1450,0.0
1451,0.3333333333333333
1452,0.3333333333333333
1453,0.3333333333333333
1454,0.6666666666666666
1455,0.0
1456,0.3333333333333333
1457,0.0
1458,0.0
1459,0.6666666666666666
1460,0.6666666666666666
1462,0.6666666666666666
1464,1.0
1466,0.6666666666666666
1467,0.6666666666666666
1468,0.6666666666666666
1469,0.3333333333333333
1470,1.0
1471,1.0
1472,1.0
1473,1.0
1474,1.0
1475,1.0
1476,0.0
1477,0.3333333333333333
1479,1.0
1480,0.3333333333333333
1481,0.0
1482,0.3333333333333333
1484,0.0
1485,0.0
1486,0.0
1487,0.0
1488,0.0
1489,0.0
1490,0.0
1491,0.6666666666666666
1492,0.0
1493,0.0
1494,0.0
1495,0.0
1496,0.0
1497,0.0
1498,0.0
1499,0.0
1502,0.0
1503,0.0
1504,0.0
1505,0.0
1506,0.0
1507,0.0
1508,0.0
1509,0.0
1510,0.0
1511,0.0
1512,0.3333333333333333
1514,0.6666666666666666
1515,0.0
1516,0.6666666666666666
1517,0.6666666666666666
1518,0.3333333333333333
1519,0.3333333333333333
1520,0.0
1521,0.0
1522,0.0
1523,0.3333333333333333
1524,0.3333333333333333
1525,0.3333333333333333
1526,0.3333333333333333
1527,0.0
1528,0.6666666666666666
1529,0.3333333333333333
1530,1.0
1532,0.0
1533,0.3333333333333333
1534,0.6666666666666666
1535,0.3333333333333333
1536,0.0
1537,1.0
1538,1.0
1539,1.0
1540,1.0
1541,1.0
1543,0.0
1544,0.6666666666666666
1546,0.3333333333333333
1547,0.3333333333333333
1548,0.3333333333333333
1550,0.0
1551,0.6666666666666666
1552,0.3333333333333333
1553,1.0
1554,1.0
1555,1.0
1556,1.0
1557,1.0
1558,1.0
1559,1.0
1560,1.0
1561,1.0
1562,1.0
1563,1.0
1564,1.0
1565,1.0
1566,1.0
1567,1.0
1568,1.0
1569,1.0
1571,1.0
1572,1.0
1574,0.0
1575,1.0
1576,1.0
1577,0.3333333333333333
1580,0.0
1581,1.0
1582,1.0
1583,0.0
1584,0.3333333333333333
1585,0.0
1586,0.3333333333333333
1587,0.3333333333333333
1588,0.3333333333333333
1591,0.6666666666666666
1592,1.0
1593,0.3333333333333333
1594,0.3333333333333333
1595,1.0
1596,1.0
1597,1.0
1598,0.3333333333333333
1599,0.0
1601,0.6666666666666666
1602,1.0
1605,0.0
1607,0.0
1608,0.3333333333333333
1609,0.3333333333333333
1610,0.3333333333333333
1611,0.6666666666666666
1612,0.3333333333333333
1614,0.3333333333333333
1617,0.3333333333333333
1619,0.3333333333333333
1620,0.3333333333333333
1621,0.0
1622,0.6666666666666666
1623,0.3333333333333333
1624,0.3333333333333333
1625,0.6666666666666666
1626,0.3333333333333333
1627,0.3333333333333333
1628,0.3333333333333333
1629,0.3333333333333333
1630,0.0
1631,0.0
1632,0.3333333333333333
1633,0.3333333333333333
1634,0.3333333333333333
1635,0.3333333333333333
1637,0.3333333333333333
1639,0.3333333333333333
1640,0.6666666666666666
1641,0.3333333333333333
1643,0.0
1644,0.3333333333333333
1645,0.0
1646,0.6666666666666666
1647,0.3333333333333333
1648,0.0
1649,0.0
1652,0.3333333333333333
1653,0.3333333333333333
1654,0.3333333333333333
1655,0.0
1656,0.0
1657,0.3333333333333333
1659,0.3333333333333333
1660,0.0
1662,0.3333333333333333
1663,0.6666666666666666
1664,0.3333333333333333
1665,0.6666666666666666
1666,0.3333333333333333
1667,0.3333333333333333
1669,1.0
1670,1.0
1671,1.0
1672,1.0
1673,1.0
1674,1.0
1675,1.0
1676,1.0
1677,1.0
1678,1.0
1679,1.0
1680,1.0
1683,1.0
1684,0.3333333333333333
1685,1.0
1686,0.3333333333333333
1688,0.0
1692,0.0
1693,0.0
1694,0.0
1696,0.3333333333333333
1697,0.3333333333333333
1699,0.0
1701,0.0
1702,0.0
1703,0.3333333333333333
1704,1.0
1706,1.0
1708,1.0
1709,1.0
1710,1.0
1711,1.0
1712,1.0
1713,1.0
1714,1.0
1715,1.0
1716,1.0
1718,1.0
1719,0.6666666666666666
1720,0.0
1721,0.0
1722,1.0
1723,0.6666666666666666
1724,0.0
1727,0.0
1728,1.0
1729,0.6666666666666666
1730,1.0
1731,0.3333333333333333
1733,1.0
1734,1.0
1735,1.0
1736,1.0
1737,1.0
1738,1.0
1739,1.0
1741,1.0
1742,1.0
1744,1.0
1746,1.0
1747,1.0
1748,1.0
1749,1.0
1750,1.0
1751,1.0
1752,1.0
1754,0.6666666666666666
1755,1.0
1756,0.0
1758,1.0
1760,0.6666666666666666
1761,0.6666666666666666
1762,0.0
1763,0.3333333333333333
1764,0.0
1765,1.0
1766,0.3333333333333333
1767,1.0
1768,1.0
1769,0.3333333333333333
1771,0.6666666666666666
1772,0.6666666666666666
1773,1.0
1774,1.0
1775,1.0
1776,1.0
1777,0.3333333333333333
1778,0.0
1779,0.0
1780,0.6666666666666666
1781,0.0
1782,0.0
1783,1.0
1784,0.3333333333333333
1785,0.6666666666666666
1786,1.0
1787,0.0
1788,0.0
1789,0.0
1790,0.0
1791,0.0
1792,0.0
1793,0.0
1794,0.0
1795,0.0
1796,0.0
1797,0.0
1798,0.3333333333333333
1799,1.0
1801,1.0
1802,0.0
1803,1.0
1804,0.6666666666666666
1805,0.0
1806,0.3333333333333333
1807,0.3333333333333333
1808,0.6666666666666666
1810,1.0
1811,1.0
1812,1.0
1813,1.0
1814,1.0
1815,1.0
1816,1.0
1818,1.0
1820,0.6666666666666666
1821,0.0
1822,0.3333333333333333
1823,0.0
1824,0.6666666666666666
1826,0.0
1827,0.0
1828,0.0
1829,1.0
1830,0.6666666666666666
1831,1.0
1834,1.0
1835,1.0
1836,1.0
1837,1.0
1838,1.0
1839,1.0
1841,0.6666666666666666
1842,0.6666666666666666
1843,1.0
1844,0.6666666666666666
1845,0.0
1846,0.3333333333333333
1847,0.6666666666666666
1848,0.6666666666666666
1849,0.6666666666666666
1851,0.6666666666666666
1852,0.6666666666666666
1853,1.0
1856,1.0
1857,1.0
1858,1.0
1859,1.0
1860,1.0
1861,1.0
1862,1.0
1863,1.0
1867,1.0
1868,1.0
1869,1.0
1870,1.0
1872,1.0
1874,0.6666666666666666
1875,1.0
1876,0.6666666666666666
1877,1.0
1878,1.0
1879,1.0
1880,0.0
1881,1.0
1883,0.3333333333333333
1886,0.6666666666666666
1887,1.0
1888,1.0
1889,1.0
1890,1.0
1892,1.0
1893,1.0
1894,1.0
1895,1.0
1896,1.0
1897,1.0
1898,1.0
1899,1.0
1900,1.0
1901,0.6666666666666666
1902,1.0
1903,1.0
1905,1.0
1906,1.0
1909,0.0
1910,1.0
1911,0.3333333333333333
1913,0.3333333333333333
1916,0.0
1917,0.6666666666666666
1918,0.6666666666666666
1919,0.0
1923,0.3333333333333333
1924,0.6666666666666666
1925,0.3333333333333333
1926,0.0
1927,0.3333333333333333
1929,1.0
1930,1.0
1934,1.0
1936,1.0
1938,1.0
1939,1.0
1940,1.0
1941,1.0
1942,1.0
1943,1.0
1944,1.0
1945,1.0
1946,1.0
1947,1.0
1948,1.0
1950,0.6666666666666666
1951,0.3333333333333333
1952,0.6666666666666666
1953,0.3333333333333333
1954,1.0
1955,0.6666666666666666
1958,1.0
1960,1.0
1961,0.6666666666666666
1962,0.3333333333333333
1963,0.0
1964,0.3333333333333333
1966,0.0
1967,0.0
1968,0.0
1969,0.3333333333333333
1970,0.6666666666666666
1971,1.0
1972,0.3333333333333333
1974,0.3333333333333333
1976,1.0
1977,0.6666666666666666
1978,0.6666666666666666
1979,1.0
1980,0.3333333333333333
1982,0.6666666666666666
1983,0.0
1984,1.0
1985,1.0
1986,0.3333333333333333
1987,1.0
1988,0.6666666666666666
1989,0.6666666666666666
1990,1.0
1992,1.0
1993,0.6666666666666666
1996,0.6666666666666666
1998,0.0
1999,0.6666666666666666
2000,1.0
2002,0.6666666666666666
2003,0.3333333333333333
2004,0.6666666666666666
2005,0.3333333333333333
2006,0.3333333333333333
2007,0.0
2008,0.3333333333333333
2009,0.0
2010,0.6666666666666666
2011,0.6666666666666666
2013,0.0
2014,1.0
2015,0.0
2016,1.0
2017,0.6666666666666666
2018,1.0
2019,0.3333333333333333
2020,0.0
2021,0.3333333333333333
2022,0.3333333333333333
2024,1.0
2025,1.0
2026,1.0
2027,1.0
2028,0.3333333333333333
2029,0.3333333333333333
2030,0.6666666666666666
2031,0.3333333333333333
2032,0.3333333333333333
2033,0.6666666666666666
2034,0.3333333333333333
2035,0.0
2037,0.3333333333333333
2038,0.6666666666666666
2039,0.3333333333333333
2041,1.0
2042,0.6666666666666666
2043,1.0
2044,1.0
2045,0.6666666666666666
2047,1.0
2048,0.0
2049,0.3333333333333333
2050,0.6666666666666666
2051,0.6666666666666666
2052,1.0
2053,0.0
2055,0.0
2056,0.3333333333333333
2057,0.0
2058,0.0
2059,0.3333333333333333
2062,0.0
2064,0.0
2066,0.6666666666666666
2067,0.3333333333333333
2068,0.6666666666666666
2069,1.0
2070,0.6666666666666666
2071,1.0
2072,1.0
2074,0.6666666666666666
2075,1.0
2076,1.0
2078,0.6666666666666666
2080,0.0
2081,0.0
2082,0.0
2084,1.0
2085,1.0
2087,1.0
2088,0.6666666666666666
2089,0.6666666666666666
2090,0.0
2091,0.3333333333333333
2092,0.3333333333333333
2093,0.0
2095,1.0
2096,0.0
2097,0.3333333333333333
2098,0.6666666666666666
2099,0.6666666666666666
2100,0.0
2101,0.6666666666666666
2102,0.6666666666666666
2103,0.3333333333333333
2104,0.3333333333333333
2105,0.6666666666666666
2106,0.6666666666666666
2107,0.6666666666666666
2109,0.0
2110,1.0
2111,0.6666666666666666
2112,0.3333333333333333
2113,0.3333333333333333
2114,0.3333333333333333
2118,0.3333333333333333
2119,1.0
2120,0.3333333333333333
2121,0.6666666666666666
2122,1.0
2124,0.6666666666666666
2125,0.3333333333333333
2129,0.3333333333333333
2131,1.0
2132,0.6666666666666666
2134,0.6666666666666666
2135,0.6666666666666666
2136,0.6666666666666666
2137,0.6666666666666666
2138,1.0
2139,0.6666666666666666
2141,1.0
2144,0.6666666666666666
2145,0.6666666666666666
2146,0.3333333333333333
2147,0.6666666666666666
2148,0.3333333333333333
2149,0.6666666666666666
2150,0.6666666666666666
2151,0.3333333333333333
2154,0.0
2157,0.0
2158,0.3333333333333333
2159,0.0
2160,0.0
2161,0.6666666666666666
2162,1.0
2163,0.0
2164,0.6666666666666666
2165,0.0
2169,0.6666666666666666
2170,1.0
2171,1.0
2173,1.0
2174,1.0
2175,0.6666666666666666
2177,0.0
2178,1.0
2179,1.0
2180,0.6666666666666666
2182,0.3333333333333333
2183,0.3333333333333333
2184,0.3333333333333333
2185,0.3333333333333333
2186,1.0
2187,1.0
2190,0.6666666666666666
2191,0.3333333333333333
2192,0.3333333333333333
2193,0.6666666666666666
2195,1.0
2196,1.0
2197,1.0
2199,1.0
2200,1.0
2201,1.0
2202,1.0
2203,1.0
2204,1.0
2205,1.0
2206,0.3333333333333333
2207,0.3333333333333333
2208,1.0
2209,0.3333333333333333
2211,0.6666666666666666
2212,0.3333333333333333
2214,1.0
2215,0.0
2216,0.0
2217,0.0
2218,0.0
2219,0.0
2220,0.0
2222,0.6666666666666666
2224,0.0
2225,0.0
2227,0.0
2229,0.0
2231,0.0
2233,0.6666666666666666
2236,0.3333333333333333
2237,0.0
2238,1.0
2239,0.3333333333333333
2240,0.6666666666666666
2241,0.0
2242,0.0
2243,0.3333333333333333
2245,0.3333333333333333
2246,0.6666666666666666
2249,0.6666666666666666
2250,1.0
2252,0.0
2253,0.3333333333333333
2254,0.6666666666666666
2255,0.0
2256,0.3333333333333333
2257,0.0
2262,0.3333333333333333
2263,1.0
2264,0.6666666666666666
2265,1.0
2266,1.0
2267,0.3333333333333333
2268,0.6666666666666666
2269,1.0
2270,0.6666666666666666
2271,0.6666666666666666
2272,1.0
2273,0.3333333333333333
2274,1.0
2275,1.0
2276,0.3333333333333333
2277,0.6666666666666666
2278,0.0
2283,0.0
2285,0.3333333333333333
2286,0.6666666666666666
2287,0.0
2288,0.0
2289,0.3333333333333333
2290,0.6666666666666666
2291,0.6666666666666666
2292,0.6666666666666666
2293,0.3333333333333333
2294,0.6666666666666666
2295,0.3333333333333333
2296,1.0
2297,0.0
2298,0.3333333333333333
2299,0.3333333333333333
2300,0.6666666666666666
2301,0.3333333333333333
2302,0.3333333333333333
2305,0.6666666666666666
2306,1.0
2307,1.0
2308,0.6666666666666666
2309,0.6666666666666666
2310,0.6666666666666666
2311,0.6666666666666666
2312,0.6666666666666666
2315,0.0
2316,0.0
2317,0.0
2318,0.0
2319,0.0
2320,0.0
2321,0.3333333333333333
2322,0.6666666666666666
2323,1.0
2325,0.6666666666666666
2326,0.3333333333333333
2328,0.3333333333333333
2329,0.6666666666666666
2330,0.0
2331,1.0
2334,0.6666666666666666
2335,1.0
2336,1.0
2337,1.0
2338,1.0
2340,1.0
2341,1.0
2342,1.0
2343,1.0
2344,1.0
2345,1.0
2347,0.6666666666666666
2348,0.0
2349,0.0
2350,0.0
2351,0.0
2353,1.0
2354,1.0
2355,0.6666666666666666
2358,0.6666666666666666
2359,0.3333333333333333
2360,0.3333333333333333
2361,0.6666666666666666
2362,0.3333333333333333
2363,1.0
2364,0.6666666666666666
2365,1.0
2368,0.3333333333333333
2369,0.3333333333333333
2370,0.3333333333333333
2371,0.6666666666666666
2372,0.6666666666666666
2374,1.0
2375,1.0
2376,0.3333333333333333
2377,0.6666666666666666
2379,0.6666666666666666
2380,0.3333333333333333
2381,0.6666666666666666
2382,0.6666666666666666
2383,0.6666666666666666
2385,0.6666666666666666
2387,0.3333333333333333
2388,0.3333333333333333
2389,0.3333333333333333
2390,0.3333333333333333
2391,0.3333333333333333
2393,0.0
2394,0.0
2395,0.0
2396,0.0
2398,0.0
2399,0.0
2400,1.0
2401,0.6666666666666666
2402,0.3333333333333333
2404,1.0
2405,1.0
2406,1.0
2408,0.3333333333333333
2409,1.0
2410,1.0
2411,1.0
2413,1.0
2414,0.6666666666666666
2415,0.6666666666666666
2416,0.0
2418,0.0
2419,0.0
2420,0.0
2423,0.0
2424,0.0
2426,0.0
2427,0.0
2429,0.0
2430,0.0
2431,0.0
2432,0.0
2433,0.0
2434,0.0
2435,0.0
2436,0.0
2437,0.0
2438,0.0
2439,0.3333333333333333
2441,0.0
2443,0.0
2444,0.3333333333333333
2445,0.3333333333333333
2446,1.0
2447,1.0
2448,0.6666666666666666
2449,1.0
2450,0.6666666666666666
2451,1.0
2452,1.0
2453,1.0
2454,1.0
2456,0.6666666666666666
2457,1.0
2459,0.6666666666666666
2460,1.0
2461,1.0
2462,1.0
2465,1.0
2466,1.0
2467,0.6666666666666666
2469,1.0
2470,1.0
2472,0.6666666666666666
2473,0.6666666666666666
2475,0.3333333333333333
2476,0.3333333333333333
2477,0.3333333333333333
2478,0.0
2479,0.3333333333333333
2483,0.3333333333333333
2485,0.3333333333333333
2486,0.6666666666666666
2487,0.6666666666666666
2489,0.0
2491,0.3333333333333333
2492,0.0
2493,0.3333333333333333
2496,0.6666666666666666
2497,0.6666666666666666
2498,1.0
2499,0.3333333333333333
2501,0.0
2502,0.0
2503,0.0
2505,0.0
2506,0.0
2507,0.0
2508,0.0
2509,0.0
2510,0.0
2511,1.0
2512,1.0
2513,1.0
2515,1.0
2516,0.6666666666666666
2517,0.6666666666666666
2518,1.0
2520,0.0
2521,0.3333333333333333
2522,0.6666666666666666
2523,0.0
2524,1.0
2525,0.3333333333333333
2526,0.0
2527,0.3333333333333333
2528,0.3333333333333333
2529,0.3333333333333333
2530,0.6666666666666666
2531,0.6666666666666666
2532,0.6666666666666666
2533,0.0
2534,0.6666666666666666
2535,0.6666666666666666
2536,0.3333333333333333
2537,0.3333333333333333
2538,0.3333333333333333
2539,0.0
2540,0.6666666666666666
2543,0.6666666666666666
2544,0.3333333333333333
2545,0.3333333333333333
2546,1.0
2547,0.0
2549,0.0
2551,0.3333333333333333
2552,0.3333333333333333
2554,0.3333333333333333
2555,0.6666666666666666
2556,0.0
2558,0.6666666666666666
2559,0.6666666666666666
2560,0.3333333333333333
2561,0.6666666666666666
2562,0.3333333333333333
2563,0.6666666666666666
2564,0.6666666666666666
2566,0.3333333333333333
2567,0.6666666666666666
2568,0.6666666666666666
2569,0.0
2570,0.0
2571,0.0
2572,0.3333333333333333
2573,0.3333333333333333
2574,0.0
2575,0.0
2576,0.6666666666666666
2577,0.3333333333333333
2578,0.0
2579,1.0
2580,1.0
2581,1.0
2582,0.6666666666666666
2583,0.0
2584,0.3333333333333333
2585,0.3333333333333333
2586,0.3333333333333333
2587,0.3333333333333333
2589,0.0
2590,0.6666666666666666
2591,0.3333333333333333
2592,0.0
2593,0.3333333333333333
2594,1.0
2595,0.3333333333333333
2596,1.0
2597,1.0
2598,0.3333333333333333
2599,0.0
2600,0.6666666666666666
2601,0.0
2602,0.0
2603,0.0
2604,1.0
2605,1.0
2607,0.0
2608,0.6666666666666666
2609,1.0
2610,0.0
2611,0.3333333333333333
2612,0.0
2613,0.0
2616,0.3333333333333333
2617,0.3333333333333333
2618,0.3333333333333333
2619,0.0
2620,0.6666666666666666
2622,0.3333333333333333
2626,0.3333333333333333
2627,0.0
2628,0.0
2629,0.6666666666666666
2630,0.0
2631,0.6666666666666666
2632,1.0
2633,1.0
2637,0.0
2638,1.0
2639,1.0
2640,0.6666666666666666
2641,0.3333333333333333
2642,0.0
2643,1.0
2644,1.0
2645,0.3333333333333333
2646,0.6666666666666666
2647,0.6666666666666666
2649,0.0
2650,0.0
2651,0.3333333333333333
2652,0.6666666666666666
2653,1.0
2654,0.3333333333333333
2656,0.6666666666666666
2657,1.0
2658,0.3333333333333333
2659,0.6666666666666666
2660,0.6666666666666666
2661,0.6666666666666666
2663,0.6666666666666666
2665,0.0
2668,1.0
2670,0.6666666666666666
2671,0.6666666666666666
2673,0.6666666666666666
2674,1.0
2675,0.3333333333333333
2676,0.6666666666666666
2678,0.3333333333333333
2679,1.0
2682,0.6666666666666666
2683,0.0
2684,0.3333333333333333
2687,1.0
2688,0.6666666666666666
2689,1.0
2690,0.0
2691,0.6666666666666666
2692,0.0
2693,0.0
2694,0.6666666666666666
2695,1.0
2697,0.6666666666666666
2699,0.3333333333333333
2700,1.0
2701,1.0
2702,0.0
2703,0.0
2704,0.3333333333333333
2705,0.6666666666666666
2707,0.3333333333333333
2709,0.6666666666666666
2710,0.6666666666666666
2711,0.6666666666666666
2712,0.3333333333333333
2713,0.0
2715,0.0
2716,0.6666666666666666
2717,0.0
2718,1.0
2719,0.0
2720,1.0
2722,1.0
2723,1.0
2724,1.0
2725,1.0
2726,1.0
2727,1.0
2728,0.3333333333333333
2729,1.0
2730,0.0
2731,0.3333333333333333
2732,0.0
2735,0.3333333333333333
2737,0.6666666666666666
2740,0.3333333333333333
2741,1.0
2742,0.6666666666666666
2743,0.6666666666666666
2744,0.6666666666666666
2745,0.6666666666666666
2748,0.0
2752,0.6666666666666666
2753,0.3333333333333333
2754,0.6666666666666666
2755,0.6666666666666666
2756,0.6666666666666666
2757,1.0
2758,0.3333333333333333
2759,0.6666666666666666
2760,0.3333333333333333
2762,0.6666666666666666
2763,0.6666666666666666
2764,0.0
2765,0.6666666666666666
2766,0.6666666666666666
2767,0.0
2768,0.0
2769,0.0
2772,0.0
2773,1.0
2774,1.0
2775,0.0
2776,0.0
2777,0.0
2779,1.0
2782,0.6666666666666666
2783,0.6666666666666666
2785,0.6666666666666666
2786,0.6666666666666666
2787,0.6666666666666666
2788,1.0
2790,1.0
2791,0.6666666666666666
2792,1.0
2793,1.0
2794,1.0
2795,0.0
2796,0.3333333333333333
2797,0.6666666666666666
2798,0.0
2799,0.3333333333333333
2800,0.3333333333333333
2803,0.6666666666666666
2804,0.0
2806,0.3333333333333333
2807,0.3333333333333333
2808,0.3333333333333333
2809,0.3333333333333333
2810,0.0
2811,0.6666666666666666
2813,0.6666666666666666
2814,0.0
2815,0.3333333333333333
2816,0.3333333333333333
2818,0.0
2820,1.0
2821,0.3333333333333333
2822,0.0
2823,0.3333333333333333
2824,0.6666666666666666
2825,0.3333333333333333
2827,1.0
2828,0.6666666666666666
2829,0.3333333333333333
2830,0.6666666666666666
2831,0.6666666666666666
2832,0.6666666666666666
2833,0.6666666666666666
2835,0.6666666666666666
2836,0.3333333333333333
2837,0.6666666666666666
2839,0.3333333333333333
2840,0.0
2841,0.0
2842,0.3333333333333333
2843,0.0
2844,0.6666666666666666
2846,0.0
2847,0.0
2848,0.0
2849,0.3333333333333333
2850,0.3333333333333333
2851,1.0
2852,0.0
2853,1.0
2854,0.3333333333333333
2855,0.6666666666666666
2856,1.0
2857,0.0
2859,1.0
2860,1.0
2861,1.0
2862,0.3333333333333333
2864,0.3333333333333333
2867,0.3333333333333333
2869,0.6666666666666666
2871,1.0
2872,1.0
2873,1.0
2874,1.0
2875,1.0
2876,0.6666666666666666
2879,0.0
2881,1.0
2882,1.0
2884,0.6666666666666666
2887,0.0
2888,0.0
2889,0.0
2890,0.0
2892,1.0
2893,1.0
2894,0.6666666666666666
2895,1.0
2896,0.6666666666666666
2899,1.0
2901,1.0
2902,1.0
2903,1.0
2905,1.0
2906,1.0
2908,1.0
2909,0.0
2910,0.6666666666666666
2912,1.0
2913,1.0
2914,1.0
2915,1.0
2916,1.0
2917,0.6666666666666666
2918,0.6666666666666666
2919,0.6666666666666666
2921,0.0
2922,1.0
2923,1.0
2924,0.0
2926,0.3333333333333333
2927,0.0
2930,0.3333333333333333
2931,0.3333333333333333
2932,0.6666666666666666
2933,0.6666666666666666
2934,0.3333333333333333
2935,1.0
2936,0.6666666666666666
2937,0.3333333333333333
2938,0.3333333333333333
2939,0.3333333333333333
2941,0.3333333333333333
2942,0.3333333333333333
2944,0.3333333333333333
2945,0.0
2946,0.0
2947,0.0
2948,0.0
2949,0.0
2950,0.0
2954,0.0
2955,0.0
2956,0.0
2957,0.0
2958,0.6666666666666666
2960,0.6666666666666666
2964,0.0
2965,0.0
2966,0.0
2967,0.6666666666666666
2968,1.0
2969,0.6666666666666666
2970,0.6666666666666666
2971,0.6666666666666666
2972,0.6666666666666666
2973,0.3333333333333333
2974,0.6666666666666666
2975,0.6666666666666666
2976,0.0
2977,0.0
2978,1.0
2980,0.3333333333333333
2981,0.6666666666666666
2983,0.3333333333333333
2984,0.3333333333333333
2985,0.3333333333333333
2986,0.3333333333333333
2988,1.0
2989,0.6666666666666666
2990,0.0
2991,0.3333333333333333
2993,1.0
2994,0.3333333333333333
2995,0.0
2996,1.0
2997,0.3333333333333333
2999,0.3333333333333333
3000,0.6666666666666666
3003,1.0
3004,1.0
3005,0.6666666666666666
3006,0.6666666666666666
3007,0.3333333333333333
3008,0.3333333333333333
3009,0.6666666666666666
3010,1.0
3011,0.6666666666666666
3012,0.6666666666666666
3013,1.0
3014,0.6666666666666666
3015,0.6666666666666666
3016,1.0
3017,1.0
3019,0.3333333333333333
3020,1.0
3021,0.6666666666666666
3023,0.6666666666666666
3024,0.0
3025,0.3333333333333333
3026,0.3333333333333333
3028,0.0
3030,0.0
3031,0.3333333333333333
3032,0.3333333333333333
3035,1.0
3036,1.0
3037,1.0
3038,1.0
3039,1.0
3040,1.0
3041,0.0
3042,0.0
3043,0.6666666666666666
3044,0.6666666666666666
3045,1.0
3046,0.3333333333333333
3047,0.6666666666666666
3048,0.3333333333333333
3049,1.0
3050,0.3333333333333333
3051,0.0
3052,0.6666666666666666
3053,0.3333333333333333
3054,0.3333333333333333
3055,0.3333333333333333
3056,0.0
3057,0.3333333333333333
3058,0.0
3059,0.0
3061,0.6666666666666666
3063,0.6666666666666666
3064,0.0
3065,1.0
3068,0.0
3070,0.6666666666666666
3071,1.0
3072,0.0
3073,0.3333333333333333
3074,1.0
3075,0.3333333333333333
3076,0.3333333333333333
3078,0.3333333333333333
3079,0.0
3081,0.0
3082,1.0
3084,0.0
3085,0.0
3086,0.3333333333333333
3087,0.6666666666666666
3088,0.3333333333333333
3089,0.0
3090,0.3333333333333333
3091,1.0
3092,0.6666666666666666
3093,0.3333333333333333
3094,0.6666666666666666
3095,1.0
3096,0.6666666666666666
3098,0.3333333333333333
3099,0.3333333333333333
3100,0.6666666666666666
3101,1.0
3102,0.6666666666666666
3103,1.0
3105,1.0
3106,0.0
3107,1.0
3108,1.0
3109,0.6666666666666666
3110,0.3333333333333333
3111,1.0
3112,1.0
3113,0.3333333333333333
3115,0.3333333333333333
3116,0.0
3117,0.0
3118,0.3333333333333333
3119,0.0
3121,0.3333333333333333
3122,0.6666666666666666
3123,0.3333333333333333
3124,1.0
3125,0.3333333333333333
3126,0.3333333333333333
3127,0.6666666666666666
3128,0.3333333333333333
3130,0.3333333333333333
3131,0.6666666666666666
3132,0.3333333333333333
3134,0.0
3135,0.3333333333333333
3136,0.6666666666666666
3137,1.0
3138,0.6666666666666666
3139,1.0
3140,0.6666666666666666
3141,0.3333333333333333
3142,0.0
3143,0.0
3144,0.0
3145,0.3333333333333333
3147,1.0
3148,1.0
3149,1.0
3150,0.6666666666666666
3151,0.6666666666666666
3152,0.3333333333333333
3153,0.3333333333333333
3154,0.3333333333333333
3155,1.0
3156,0.6666666666666666
3157,1.0
3158,0.0
3160,0.3333333333333333
3161,0.6666666666666666
3162,0.0
3163,0.3333333333333333
3165,0.0
3166,0.3333333333333333
3169,0.6666666666666666
3170,1.0
3171,0.3333333333333333
3172,1.0
3173,0.6666666666666666
3174,1.0
3175,0.3333333333333333
3176,1.0
3177,1.0
3178,0.3333333333333333
3179,1.0
3180,0.6666666666666666
3182,1.0
3183,0.6666666666666666
3185,1.0
3186,1.0
3187,1.0
3188,1.0
3189,1.0
3190,1.0
3192,0.0
3194,0.6666666666666666
3197,0.3333333333333333
3198,0.3333333333333333
3199,0.6666666666666666
3200,0.3333333333333333
3201,0.3333333333333333
3202,0.0
3203,0.3333333333333333
3204,0.6666666666666666
3206,0.3333333333333333
3208,0.0
3209,0.0
3210,0.3333333333333333
3214,0.3333333333333333
3215,0.6666666666666666
3216,0.6666666666666666
3217,0.6666666666666666
3218,0.0
3220,0.6666666666666666
3221,1.0
3222,1.0
3223,0.6666666666666666
3226,1.0
3228,0.3333333333333333
3230,0.6666666666666666
3231,0.3333333333333333
3232,0.6666666666666666
3233,0.3333333333333333
3234,0.3333333333333333
3236,1.0
3238,0.6666666666666666
3240,1.0
3241,0.6666666666666666
3243,1.0
3245,1.0
3246,1.0
3247,0.6666666666666666
3248,1.0
3249,0.6666666666666666
3250,0.6666666666666666
3252,0.0
3253,0.3333333333333333
3254,0.3333333333333333
3256,0.6666666666666666
3259,1.0
3260,0.6666666666666666
3261,0.6666666666666666
3262,1.0
3264,1.0
3265,1.0
3266,0.0
3268,0.3333333333333333
3269,0.6666666666666666
3270,0.0
3271,0.6666666666666666
3274,0.3333333333333333
3275,0.3333333333333333
3276,0.0
3278,0.6666666666666666
3279,0.6666666666666666
3280,0.6666666666666666
3281,1.0
3282,0.3333333333333333
3283,0.0
3284,0.0
3285,0.6666666666666666
3286,0.0
3287,0.0
3290,0.0
3291,0.0
3293,0.3333333333333333
3294,0.0
3295,1.0
3296,0.0
3297,1.0
3298,0.3333333333333333
3300,0.6666666666666666
3301,0.0
3302,0.0
3303,0.0
3304,0.0
3305,0.0
3306,0.6666666666666666
3307,0.3333333333333333
3308,0.3333333333333333
3309,0.6666666666666666
3310,1.0
3311,1.0
3312,0.3333333333333333
3313,0.0
3314,0.3333333333333333
3316,0.0
3317,1.0
3318,0.6666666666666666
3319,0.3333333333333333
3321,0.3333333333333333
3323,0.6666666666666666
3324,0.0
3325,0.0
3326,0.0
3328,0.0
3329,0.0
3330,0.0
3331,0.0
3332,0.6666666666666666
3333,0.0
3334,0.3333333333333333
3336,0.6666666666666666
3338,0.6666666666666666
3339,0.6666666666666666
3340,0.0
3341,1.0
3342,0.0
3344,0.6666666666666666
3345,1.0
3346,0.3333333333333333
3347,0.0
3349,0.3333333333333333
3350,0.6666666666666666
3352,0.6666666666666666
3354,0.0
3356,0.0
3357,0.0
3359,0.0
3360,0.0
3361,0.0
3362,0.0
3363,0.0
3365,0.6666666666666666
3366,0.6666666666666666
3367,0.0
3368,0.3333333333333333
3369,0.3333333333333333
3370,0.0
3371,0.3333333333333333
3372,0.3333333333333333
3373,0.3333333333333333
3376,0.0
3377,0.6666666666666666
3378,0.0
3380,0.6666666666666666
3381,1.0
3383,1.0
3384,1.0
3385,0.6666666666666666
3386,0.6666666666666666
3387,1.0
3388,1.0
3389,1.0
3390,0.0
3391,0.0
3393,0.3333333333333333
3394,0.0
3395,0.6666666666666666
3397,0.3333333333333333
3398,0.3333333333333333
3399,0.0
3400,0.0
3401,0.3333333333333333
3402,0.3333333333333333
3403,1.0
3404,0.3333333333333333
3406,0.0
3408,0.3333333333333333
3409,1.0
3410,0.3333333333333333
3411,0.6666666666666666
3412,0.0
3413,0.3333333333333333
3414,0.3333333333333333
3415,0.3333333333333333
3416,1.0
3417,0.0
3418,0.6666666666666666
3419,0.0
3420,0.3333333333333333
3421,0.3333333333333333
3422,0.3333333333333333
3424,0.3333333333333333
3426,0.6666666666666666
3427,1.0
3428,0.0
3429,1.0
3430,0.6666666666666666
3431,0.3333333333333333
3432,0.0
3433,0.0
3434,0.0
3435,0.0
3436,0.0
3438,0.0
3441,0.0
3442,0.0
3443,0.0
3445,0.6666666666666666
3446,0.3333333333333333
3447,0.0
3448,0.6666666666666666
3449,0.6666666666666666
3450,0.6666666666666666
3451,0.3333333333333333
3452,1.0
3453,0.0
3454,0.3333333333333333
3455,0.3333333333333333
3456,0.3333333333333333
3457,0.3333333333333333
3458,0.3333333333333333
3459,0.6666666666666666
3461,0.3333333333333333
3462,0.6666666666666666
3463,0.0
3464,0.0
3465,0.0
3466,0.3333333333333333
3467,0.0
3468,0.3333333333333333
3472,0.3333333333333333
3473,0.0
3474,0.0
3476,0.3333333333333333
3477,0.6666666666666666
3478,0.6666666666666666
3479,1.0
3480,1.0
3481,1.0
3482,0.6666666666666666
3483,1.0
3484,1.0
3485,1.0
3487,0.0
3488,0.0
3489,0.0
3490,1.0
3491,0.0
3492,0.6666666666666666
3493,0.6666666666666666
3494,0.6666666666666666
3495,1.0
3498,1.0
3499,0.3333333333333333
3500,0.3333333333333333
3502,0.3333333333333333
3503,1.0
3504,1.0
3506,1.0
3507,0.6666666666666666
3508,1.0
3510,1.0
3511,0.6666666666666666
3512,0.0
3513,0.0
3514,0.0
3515,0.0
3517,1.0
3519,0.6666666666666666
3520,1.0
3521,1.0
3522,1.0
3524,1.0
3525,1.0
3526,1.0
3527,1.0
3528,1.0
3529,1.0
3530,1.0
3532,0.6666666666666666
3534,1.0
3535,0.0
3536,1.0
3537,0.0
3538,1.0
3539,1.0
3540,1.0
3542,1.0
3543,1.0
3544,1.0
3545,1.0
3546,1.0
3547,1.0
3548,1.0
3549,1.0
3550,1.0
3551,1.0
3552,1.0
3553,1.0
3555,0.6666666666666666
3556,1.0
3558,0.6666666666666666
3559,0.0
3560,0.0
3561,0.0
3562,0.3333333333333333
3563,0.3333333333333333
3564,0.6666666666666666
3566,0.0
3568,0.0
3569,0.3333333333333333
3570,1.0
3571,0.0
3572,0.3333333333333333
3573,0.0
3574,0.0
3575,0.0
3576,0.0
3577,0.0
3578,0.0
3580,0.0
3581,0.0
3582,0.3333333333333333
3583,0.0
3584,1.0
3586,0.6666666666666666
3587,0.6666666666666666
3590,1.0
3591,0.0
3593,0.3333333333333333
3594,0.0
3595,1.0
3596,1.0
3597,1.0
3598,1.0
3599,1.0
3600,1.0
3601,1.0
3602,0.6666666666666666
3603,1.0
3604,1.0
3605,0.0
3606,0.3333333333333333
3607,0.0
3608,0.0
3609,0.3333333333333333
3610,0.6666666666666666
3611,0.0
3613,1.0
3615,0.3333333333333333
3616,0.3333333333333333
3617,1.0
3618,1.0
3619,0.6666666666666666
3620,1.0
3621,0.6666666666666666
3622,0.6666666666666666
3623,0.3333333333333333
3624,0.3333333333333333
3625,0.3333333333333333
3626,1.0
3628,0.6666666666666666
3630,0.6666666666666666
3631,0.6666666666666666
3634,0.6666666666666666
3636,0.6666666666666666
3638,0.6666666666666666
3639,1.0
3640,0.6666666666666666
3641,0.0
3642,1.0
3643,1.0
3645,1.0
3646,1.0
3647,0.6666666666666666
3648,0.3333333333333333
3649,0.0
3650,0.0
3651,0.6666666666666666
3652,0.3333333333333333
3653,0.6666666666666666
3654,1.0
3655,0.0
3656,0.0
3657,0.0
3658,0.0
3659,1.0
3660,0.3333333333333333
3661,0.0
3662,0.0
3665,0.3333333333333333
3668,0.6666666666666666
3669,0.3333333333333333
3670,0.3333333333333333
3673,0.0
3675,0.3333333333333333
3676,0.3333333333333333
3677,0.0
3678,0.0
3680,0.6666666666666666
3681,0.6666666666666666
3683,1.0
3684,0.6666666666666666
3685,1.0
3686,0.0
3687,0.0
3689,0.3333333333333333
3690,1.0
3691,0.3333333333333333
3693,0.6666666666666666
3694,0.6666666666666666
3695,0.6666666666666666
3696,0.0
3697,0.0
3698,0.0
3699,0.0
3700,0.0
3703,0.3333333333333333
3704,0.3333333333333333
3705,0.3333333333333333
3706,1.0
3707,0.6666666666666666
3709,0.0
3711,0.6666666666666666
3712,0.0
3713,0.0
3714,1.0
3715,0.3333333333333333
3716,0.6666666666666666
3717,0.6666666666666666
3718,0.0
3719,0.0
3720,0.0
3721,0.0
3723,1.0
3724,0.0
3725,0.0
3726,1.0
3727,1.0
3730,0.6666666666666666
3732,0.6666666666666666
3734,0.3333333333333333
3735,1.0
3736,1.0
3737,0.3333333333333333
3738,0.6666666666666666
3739,1.0
3740,0.0
3741,0.6666666666666666
3742,0.0
3743,0.6666666666666666
3744,0.0
3745,0.3333333333333333
3746,0.0
3747,0.0
3748,0.0
3749,0.6666666666666666
3751,0.6666666666666666
3752,0.0
3753,0.3333333333333333
3754,0.3333333333333333
3755,0.3333333333333333
3756,0.0
3758,0.3333333333333333
3759,0.0
3761,0.3333333333333333
3762,0.0
3763,0.0
3764,0.0
3765,0.6666666666666666
3767,0.0
3768,0.6666666666666666
3769,0.0
3770,0.3333333333333333
3771,0.0
3772,0.0
3773,0.3333333333333333
3775,1.0
3776,1.0
3777,1.0
3778,1.0
3779,1.0
3780,0.3333333333333333
3782,0.0
3783,1.0
3785,0.0
3786,1.0
3787,0.6666666666666666
3790,0.0
3792,0.0
3795,0.0
3796,0.0
3798,0.0
3799,0.0
3800,0.0
3801,0.0
3803,0.0
3804,0.0
3805,0.0
3807,0.0
3808,0.0
3809,0.0
3810,0.0
3812,0.0
3813,0.0
3814,0.0
3815,0.0
3817,0.0
3818,0.0
3819,0.0
3820,0.0
3821,0.0
3823,0.0
3824,0.0
3825,0.0
3826,0.0
3828,0.0
3829,0.0
3830,0.0
3831,0.0
3832,0.0
3833,0.0
3834,0.0
3835,0.0
3836,0.6666666666666666
3837,0.3333333333333333
3839,0.6666666666666666
3841,0.6666666666666666
3842,0.3333333333333333
3843,0.3333333333333333
3844,0.6666666666666666
3845,0.3333333333333333
3846,0.3333333333333333
3847,0.6666666666666666
3849,0.3333333333333333
3850,0.6666666666666666
3851,0.6666666666666666
3852,0.6666666666666666
3853,0.6666666666666666
3854,0.0
3855,0.0
3858,1.0
3859,0.3333333333333333
3860,0.6666666666666666
3862,0.3333333333333333
3864,0.0
3865,0.0
3866,0.0
3869,0.3333333333333333
3872,1.0
3873,1.0
3874,0.3333333333333333
3875,0.3333333333333333
3876,0.6666666666666666
3877,0.3333333333333333
3878,0.0
3879,0.0
3880,0.0
3881,1.0
3882,0.3333333333333333
3883,0.6666666666666666
3884,0.6666666666666666
3885,1.0
3886,0.0
3887,0.0
3889,0.3333333333333333
3890,1.0
3891,1.0
3892,0.3333333333333333
3893,0.3333333333333333
3894,0.0
3898,0.0
3900,0.6666666666666666
3902,0.6666666666666666
3903,0.0
3904,1.0
3907,1.0
3908,0.6666666666666666
3910,1.0
3911,0.6666666666666666
3912,0.6666666666666666
3913,0.3333333333333333
3914,0.6666666666666666
3915,0.6666666666666666
3916,0.0
3917,0.3333333333333333
3918,0.3333333333333333
3919,0.3333333333333333
3920,0.6666666666666666
3921,0.3333333333333333
3922,0.6666666666666666
3924,0.3333333333333333
3925,0.3333333333333333
3926,1.0
3927,1.0
3929,1.0
3932,0.0
3933,0.3333333333333333
3934,0.0
3935,0.0
3936,1.0
3937,0.0
3938,0.3333333333333333
3939,1.0
3940,0.0
3941,0.0
3942,0.0
3943,0.3333333333333333
3944,0.3333333333333333
3945,0.6666666666666666
3946,0.6666666666666666
3947,0.6666666666666666
3948,0.6666666666666666
3949,0.3333333333333333
3950,0.3333333333333333
3951,0.0
3952,0.0
3953,0.3333333333333333
3954,0.3333333333333333
3955,0.0
3957,0.0
3958,0.0
3960,0.0
3961,0.0
3962,0.3333333333333333
3963,0.0
3965,0.0
3966,0.0
3967,0.6666666666666666
3968,0.0
3969,0.3333333333333333
3970,0.6666666666666666
3971,0.6666666666666666
3972,0.0
3973,0.3333333333333333
3975,0.3333333333333333
3976,0.0
3977,0.3333333333333333
3978,0.3333333333333333
3979,0.0
3980,0.3333333333333333
3981,0.0
3982,0.0
3983,0.3333333333333333
3984,0.3333333333333333
3985,0.6666666666666666
3986,0.3333333333333333
3987,0.0
3988,1.0
3989,0.3333333333333333
3990,0.3333333333333333
3991,0.6666666666666666
3992,0.6666666666666666
3993,1.0
3994,0.3333333333333333
3995,0.3333333333333333
3996,0.6666666666666666
3997,0.6666666666666666
3998,1.0
3999,0.0
4000,0.0
4002,1.0
4003,1.0
4004,0.3333333333333333
4005,0.3333333333333333
4006,0.3333333333333333
4007,0.6666666666666666
4008,0.6666666666666666
4009,0.0
4010,1.0
4011,0.6666666666666666
4012,0.6666666666666666
4013,0.6666666666666666
4015,1.0
4016,1.0
4017,1.0
4018,1.0
4019,1.0
4020,1.0
4021,1.0
4022,1.0
4023,1.0
4024,1.0
4025,0.3333333333333333
4026,0.0
4027,0.3333333333333333
4028,0.6666666666666666
4030,0.3333333333333333
4031,1.0
4034,0.6666666666666666
4035,0.3333333333333333
4037,0.6666666666666666
4038,0.3333333333333333
4039,1.0
4040,0.3333333333333333
4041,0.3333333333333333
4043,0.3333333333333333
4044,1.0
4045,0.3333333333333333
4046,0.3333333333333333
4047,1.0
4048,0.3333333333333333
4049,0.3333333333333333
4050,1.0
4051,0.6666666666666666
4052,1.0
4053,0.6666666666666666
4054,1.0
4055,0.6666666666666666
4057,1.0
4058,1.0
4059,0.6666666666666666
4060,0.6666666666666666
4061,0.3333333333333333
4062,0.6666666666666666
4063,0.3333333333333333
4064,0.6666666666666666
4066,1.0
4068,1.0
4069,1.0
4070,1.0
4071,1.0
4073,1.0
4074,0.6666666666666666
4075,1.0
4076,1.0
4078,1.0
4081,0.6666666666666666
4082,1.0
4083,0.6666666666666666
4084,1.0
4085,0.6666666666666666
4086,1.0
4087,1.0
4088,1.0
4089,0.6666666666666666
4090,1.0
4091,1.0
4093,1.0
4094,1.0
4095,1.0
4096,1.0
4098,0.6666666666666666
4099,0.6666666666666666
4100,0.6666666666666666
4101,0.6666666666666666
4102,1.0
4103,1.0
4104,0.6666666666666666
4105,1.0
4106,0.6666666666666666
4107,1.0
4108,0.6666666666666666
4109,1.0
4110,1.0
4111,1.0
4112,1.0
4113,1.0
4114,1.0
4115,1.0
4116,0.6666666666666666
4117,0.0
4118,1.0
4119,0.0
4120,0.6666666666666666
4121,0.0
4122,1.0
4123,1.0
4124,1.0
4128,1.0
4129,1.0
4130,1.0
4131,1.0
4132,1.0
4133,0.0
4134,0.0
4136,0.0
4137,0.0
4138,0.0
4139,1.0
4140,1.0
4141,1.0
4142,1.0
4143,0.6666666666666666
4144,0.3333333333333333
4145,1.0
4146,1.0
4147,1.0
4148,1.0
4149,0.6666666666666666
4151,0.6666666666666666
4152,0.6666666666666666
4153,0.6666666666666666
4154,1.0
4155,1.0
4156,0.0
4158,0.0
4159,0.3333333333333333
4160,0.3333333333333333
4161,0.3333333333333333
4162,0.6666666666666666
4163,1.0
4165,0.6666666666666666
4166,0.6666666666666666
4167,1.0
4169,1.0
4170,0.6666666666666666
4171,0.6666666666666666
4172,1.0
4173,0.6666666666666666
4174,0.6666666666666666
4175,0.3333333333333333
4176,1.0
4177,0.6666666666666666
4178,1.0
4179,0.0
4181,1.0
4182,0.3333333333333333
4183,1.0
4184,0.0
4187,1.0
4189,0.3333333333333333
4190,0.6666666666666666
4191,1.0
4192,1.0
4193,1.0
4194,1.0
4195,0.0
4197,0.3333333333333333
4198,0.3333333333333333
4199,1.0
4200,0.6666666666666666
4201,1.0
4203,1.0
4204,1.0
4206,1.0
4207,1.0
4208,1.0
4209,1.0
4211,1.0
4212,1.0
4213,1.0
4214,1.0
4215,1.0
4217,0.6666666666666666
4218,1.0
4219,1.0
4220,1.0
4221,1.0
4222,1.0
4223,1.0
4224,1.0
4225,1.0
4226,1.0
4227,1.0
4228,0.6666666666666666
4230,0.3333333333333333
4231,1.0
4232,0.0
4233,0.0
4235,0.6666666666666666
4236,0.6666666666666666
4237,0.6666666666666666
4239,1.0
4240,1.0
4241,0.6666666666666666
4242,1.0
4243,0.6666666666666666
4244,0.6666666666666666
4245,0.0
4246,0.3333333333333333
4247,0.3333333333333333
4248,0.0
4249,0.0
4250,0.0
4251,0.3333333333333333
4252,0.3333333333333333
4253,0.0
4254,0.3333333333333333
4255,0.3333333333333333
4256,0.6666666666666666
4257,0.6666666666666666
4258,0.3333333333333333
4260,0.6666666666666666
4261,0.6666666666666666
4262,1.0
4263,1.0
4264,1.0
4265,1.0
4266,0.3333333333333333
4267,0.6666666666666666
4268,1.0
4269,1.0
4270,1.0
4271,0.6666666666666666
4272,1.0
4273,0.6666666666666666
4274,1.0
4275,1.0
4276,1.0
4278,1.0
4279,1.0
4280,0.3333333333333333
4283,0.3333333333333333
4284,0.0
4285,0.0
4286,0.3333333333333333
4287,0.3333333333333333
4288,0.0
4289,0.3333333333333333
4290,0.3333333333333333
4292,0.3333333333333333
4293,0.6666666666666666
4294,0.3333333333333333
4296,0.3333333333333333
4299,0.6666666666666666
4301,1.0
4302,0.6666666666666666
4303,1.0
4304,0.6666666666666666
4305,0.0
4307,0.6666666666666666
4308,0.0
4310,0.0
4311,0.3333333333333333
4312,0.3333333333333333
4313,0.0
4314,0.3333333333333333
4316,0.0
4317,0.0
4318,1.0
4319,0.3333333333333333
4321,0.6666666666666666
4322,0.3333333333333333
4324,0.6666666666666666
4326,0.3333333333333333
4327,0.6666666666666666
4328,0.0
4329,0.3333333333333333
4330,0.3333333333333333
4331,0.6666666666666666
4332,0.0
4333,0.0
4336,0.0
4337,0.3333333333333333
4338,0.0
4339,0.0
4341,0.3333333333333333
4342,0.3333333333333333
4343,0.3333333333333333
4344,0.3333333333333333
4345,0.6666666666666666
4346,1.0
4347,0.6666666666666666
4348,1.0
4349,0.3333333333333333
4350,0.6666666666666666
4351,0.0
4352,1.0
4354,0.0
4355,0.3333333333333333
4357,0.3333333333333333
4358,0.3333333333333333
4359,0.0
4362,0.0
4363,0.3333333333333333
4365,0.3333333333333333
4366,0.3333333333333333
4367,0.3333333333333333
4368,1.0
4371,1.0
4372,0.6666666666666666
4373,0.6666666666666666
4377,1.0
4378,1.0
4379,1.0
4380,0.6666666666666666
4381,1.0
4382,0.6666666666666666
4383,1.0
4384,0.3333333333333333
4385,0.3333333333333333
4386,0.3333333333333333
4387,0.0
4388,0.3333333333333333
4391,0.0
4392,0.0
4393,0.0
4395,0.0
4396,0.3333333333333333
4397,0.3333333333333333
4398,0.6666666666666666
4399,0.0
4401,0.3333333333333333
4403,0.3333333333333333
4404,0.3333333333333333
4407,0.0
4408,0.3333333333333333
4409,0.0
4412,0.3333333333333333
4413,0.0
4415,0.6666666666666666
4416,0.0
4417,1.0
4419,0.6666666666666666
4421,1.0
4424,0.6666666666666666
4425,1.0
4427,1.0
4428,1.0
4429,1.0
4430,1.0
4432,1.0
4433,1.0
4434,1.0
4436,0.3333333333333333
4437,0.6666666666666666
4438,0.0
4439,0.3333333333333333
4441,1.0
4442,1.0
4443,1.0
4445,0.6666666666666666
4446,0.6666666666666666
4447,0.0
4448,0.0
4449,0.6666666666666666
4451,0.0
4452,0.0
4453,0.0
4454,0.0
4455,0.0
4458,0.0
4459,0.0
4460,0.0
4461,0.0
4463,0.0
4464,0.0
4465,1.0
4466,0.0
4468,0.0
4469,0.3333333333333333
4472,0.3333333333333333
4473,0.3333333333333333
4474,0.0
4475,0.3333333333333333
4476,0.6666666666666666
4477,0.0
4478,0.0
4479,0.0
4480,0.0
4481,0.6666666666666666
4482,0.3333333333333333
4483,0.0
4484,1.0
4486,0.0
4489,0.0
4492,0.3333333333333333
4493,0.3333333333333333
4494,0.0
4495,0.3333333333333333
4496,0.3333333333333333
4497,0.3333333333333333
4498,0.3333333333333333
4501,0.3333333333333333
4502,0.3333333333333333
4503,0.0
4504,0.0
4505,0.0
4508,0.0
4510,0.3333333333333333
4512,0.3333333333333333
4513,0.3333333333333333
4514,0.0
4515,0.6666666666666666
4516,0.3333333333333333
4519,0.0
4521,0.3333333333333333
4523,0.0
4524,1.0
4525,0.6666666666666666
4526,1.0
4527,1.0
4528,1.0
4531,0.6666666666666666
4532,0.3333333333333333
4533,1.0
4535,0.3333333333333333
4536,0.3333333333333333
4537,0.3333333333333333
4538,0.0
4539,0.0
4540,0.0
4541,0.0
4542,0.0
4543,0.0
4545,0.6666666666666666
4546,0.6666666666666666
4547,0.3333333333333333
4548,0.3333333333333333
4549,0.0
4550,0.0
4552,0.0
4553,0.0
4554,0.0
4555,0.3333333333333333
4557,0.3333333333333333
4558,0.0
4561,1.0
4562,1.0
4563,0.0
4564,0.0
4565,0.0
4567,0.0
4568,0.3333333333333333
4569,0.3333333333333333
4570,0.0
4571,0.6666666666666666
4572,0.3333333333333333
4573,0.6666666666666666
4574,1.0
4575,0.6666666666666666
4576,0.3333333333333333
4577,1.0
4578,0.6666666666666666
4580,0.6666666666666666
4581,0.3333333333333333
4582,0.3333333333333333
4583,0.3333333333333333
4584,0.3333333333333333
4586,1.0
4587,1.0
4588,1.0
4589,1.0
4590,1.0
4591,1.0
4592,1.0
4593,1.0
4594,0.3333333333333333
4595,0.3333333333333333
4596,0.3333333333333333
4597,0.3333333333333333
4598,1.0
4600,0.0
4601,0.6666666666666666
4602,0.3333333333333333
4603,0.3333333333333333
4604,0.0
4605,0.6666666666666666
4606,1.0
4607,0.0
4610,0.3333333333333333
4611,0.6666666666666666
4613,0.0
4614,0.6666666666666666
4615,0.6666666666666666
4616,0.6666666666666666
4617,1.0
4618,1.0
4622,0.0
4624,0.0
4625,0.3333333333333333
4626,0.3333333333333333
4627,0.3333333333333333
4628,0.0
4630,1.0
4631,1.0
4632,1.0
4633,0.6666666666666666
4636,1.0
4637,1.0
4640,1.0
4641,1.0
4642,1.0
4643,1.0
4644,1.0
4645,1.0
4647,1.0
4648,1.0
4649,1.0
4650,0.0
4652,0.3333333333333333
4653,0.3333333333333333
4655,0.6666666666666666
4657,0.3333333333333333
4658,0.6666666666666666
4659,0.6666666666666666
4660,1.0
4661,1.0
4662,0.6666666666666666
4664,0.6666666666666666
4665,0.6666666666666666
4666,1.0
4668,0.6666666666666666
4669,0.0
4670,0.0
4672,0.6666666666666666
4673,0.0
4674,0.0
4675,0.3333333333333333
4676,0.3333333333333333
4678,1.0
4680,1.0
4681,1.0
4682,1.0
4684,1.0
4685,0.6666666666666666
4687,0.6666666666666666
4688,1.0
4689,1.0
4690,1.0
4692,0.0
4693,0.0
4696,0.3333333333333333
4698,1.0
4699,0.6666666666666666
4700,0.6666666666666666
4701,0.0
4702,0.3333333333333333
4704,0.0
4705,1.0
4706,1.0
4707,0.0
4708,0.3333333333333333
4710,1.0
4711,1.0
4712,0.3333333333333333
4713,0.0
4714,1.0
4715,1.0
4716,1.0
4718,1.0
4719,1.0
4720,1.0
4721,0.6666666666666666
4722,0.3333333333333333
4723,1.0
4724,0.0
4726,1.0
4727,1.0
4728,1.0
4729,0.0
4730,0.3333333333333333
4731,0.6666666666666666
4732,0.6666666666666666
4733,1.0
4734,1.0
4735,0.3333333333333333
4736,0.6666666666666666
4737,0.3333333333333333
4739,0.0
4740,0.6666666666666666
4741,0.6666666666666666
4742,0.3333333333333333
4743,1.0
4744,0.3333333333333333
4745,0.3333333333333333
4746,1.0
4747,1.0
4748,0.3333333333333333
4750,1.0
4753,0.3333333333333333
4754,0.0
4755,0.0
4756,0.3333333333333333
4757,0.3333333333333333
4758,1.0
4760,0.6666666666666666
4761,0.6666666666666666
4762,0.6666666666666666
4764,0.6666666666666666
4765,1.0
4766,0.0
4767,0.6666666666666666
4768,0.0
4770,0.6666666666666666
4771,0.0
4772,0.6666666666666666
4774,0.6666666666666666
4775,0.0
4776,1.0
4777,0.3333333333333333
4778,0.6666666666666666
4779,0.0
4781,0.0
4782,0.0
4784,0.3333333333333333
4785,0.0
4786,0.0
4787,0.0
4788,0.3333333333333333
4789,0.3333333333333333
4790,0.0
4791,0.0
4792,1.0
4793,0.6666666666666666
4794,0.6666666666666666
4795,1.0
4796,1.0
4797,0.3333333333333333
4798,0.0
4799,0.3333333333333333
4800,0.3333333333333333
4802,1.0
4803,1.0
4804,0.6666666666666666
4805,1.0
4807,0.3333333333333333
4808,0.6666666666666666
4809,0.6666666666666666
4810,0.3333333333333333
4812,0.3333333333333333
4813,0.0
4814,0.0
4815,0.0
4816,0.0
4817,1.0
4818,1.0
4819,0.0
4820,0.3333333333333333
4821,0.0
4822,0.6666666666666666
4823,0.3333333333333333
4824,0.6666666666666666
4825,0.3333333333333333
4829,0.0
4830,0.3333333333333333
4831,0.0
4832,0.3333333333333333
4836,0.6666666666666666
4837,0.3333333333333333
4838,0.3333333333333333
4839,0.3333333333333333
4840,0.3333333333333333
4841,0.6666666666666666
4842,0.3333333333333333
4843,1.0
4844,1.0
4845,0.6666666666666666
4846,0.3333333333333333
4847,0.3333333333333333
4848,0.0
4850,0.0
4851,0.0
4856,0.0
4857,0.0
4858,0.0
4859,0.3333333333333333
4860,0.6666666666666666
4861,1.0
4862,0.6666666666666666
4863,0.3333333333333333
4864,1.0
4865,1.0
4867,1.0
4868,1.0
4869,1.0
4870,1.0
4871,0.6666666666666666
4872,0.3333333333333333
4873,0.6666666666666666
4874,1.0
4875,0.3333333333333333
4876,0.6666666666666666
4877,0.0
4878,0.3333333333333333
4879,0.3333333333333333
4880,0.3333333333333333
4882,0.0
4883,0.0
4885,0.0
4886,0.6666666666666666
4887,0.6666666666666666
4888,1.0
4889,1.0
4890,0.6666666666666666
4892,1.0
4893,1.0
4894,1.0
4895,1.0
4896,0.6666666666666666
4898,0.6666666666666666
4899,0.0
4900,0.6666666666666666
4901,0.6666666666666666
4903,0.6666666666666666
4904,0.3333333333333333
4905,0.6666666666666666
4906,0.6666666666666666
4907,0.3333333333333333
4908,0.3333333333333333
4909,1.0
4910,0.6666666666666666
4911,0.6666666666666666
4912,1.0
4913,1.0
4914,1.0
4915,1.0
4916,1.0
4917,1.0
4918,1.0
4919,1.0
4921,1.0
4922,1.0
4923,1.0
4924,1.0
4925,1.0
4926,0.6666666666666666
4928,0.3333333333333333
4929,0.3333333333333333
4930,1.0
4931,0.3333333333333333
4932,0.6666666666666666
4933,0.3333333333333333
4934,1.0
4935,1.0
4936,1.0
4938,0.0
4940,0.0
4941,0.6666666666666666
4942,0.6666666666666666
4943,0.6666666666666666
4944,0.0
4945,0.6666666666666666
4946,1.0
4947,0.3333333333333333
4952,0.6666666666666666
4953,1.0
4954,0.6666666666666666
4955,0.6666666666666666
4956,0.3333333333333333
4957,1.0
4958,1.0
4959,1.0
4961,0.6666666666666666
4962,0.6666666666666666
4963,0.6666666666666666
4964,0.6666666666666666
4966,0.3333333333333333
4967,0.3333333333333333
4968,0.0
4969,0.0
4971,0.3333333333333333
4972,0.3333333333333333
4973,0.3333333333333333
4974,1.0
4976,1.0
4977,0.3333333333333333
4979,0.6666666666666666
4980,0.6666666666666666
4981,0.3333333333333333
4982,1.0
4983,0.6666666666666666
4984,0.3333333333333333
4985,0.6666666666666666
4986,0.0
4987,0.3333333333333333
4989,0.6666666666666666
4990,0.0
4991,0.6666666666666666
4992,0.6666666666666666
4994,0.6666666666666666
4995,0.3333333333333333
4996,0.0
4998,0.6666666666666666
4999,1.0
5000,1.0
5001,0.6666666666666666
5003,1.0
5005,1.0
5006,1.0
5007,1.0
5008,0.3333333333333333
5009,0.0
5010,0.3333333333333333
5011,1.0
5013,1.0
5014,1.0
5015,0.3333333333333333
5016,1.0
5017,0.6666666666666666
5018,1.0
5019,1.0
5020,0.6666666666666666
5021,1.0
5022,1.0
5024,0.6666666666666666
5025,0.3333333333333333
5026,1.0
5027,0.0
5028,1.0
5029,1.0
5030,0.3333333333333333
5032,1.0
5033,0.6666666666666666
5034,0.6666666666666666
5035,0.0
5037,0.3333333333333333
5038,0.3333333333333333
5039,0.6666666666666666
5041,0.0
5042,0.0
5043,0.6666666666666666
5044,1.0
5045,0.6666666666666666
5046,1.0
5047,0.0
5049,0.6666666666666666
5050,1.0
5052,0.6666666666666666
5053,1.0
5054,1.0
5055,0.0
5056,0.0
5057,0.3333333333333333
5059,0.3333333333333333
5060,0.3333333333333333
5062,0.0
5063,0.3333333333333333
5065,0.3333333333333333
5066,0.0
5067,0.3333333333333333
5068,0.3333333333333333
5069,0.0
5070,0.6666666666666666
5072,0.0
5073,0.3333333333333333
5074,0.0
5076,1.0
5077,1.0
5078,0.6666666666666666
5079,1.0
5080,1.0
5081,0.3333333333333333
5082,0.0
5083,0.0
5084,0.0
5085,0.3333333333333333
5086,0.3333333333333333
5088,0.0
5089,0.3333333333333333
5090,1.0
5091,1.0
5092,0.0
5093,1.0
5094,1.0
5095,1.0
5096,0.6666666666666666
5097,0.6666666666666666
5098,0.6666666666666666
5099,0.6666666666666666
5100,0.6666666666666666
5101,0.6666666666666666
5102,1.0
5103,0.3333333333333333
5104,0.3333333333333333
5105,1.0
5106,0.6666666666666666
5107,0.6666666666666666
5108,0.3333333333333333
5110,1.0
5111,0.6666666666666666
5112,0.6666666666666666
5113,0.6666666666666666
5114,0.6666666666666666
5115,0.3333333333333333
5116,0.6666666666666666
5117,0.6666666666666666
5118,0.6666666666666666
5119,0.6666666666666666
5121,0.6666666666666666
5122,0.6666666666666666
5123,1.0
5124,1.0
5125,0.3333333333333333
5127,1.0
5128,0.3333333333333333
5130,0.0
5132,0.6666666666666666
5133,0.6666666666666666
5134,0.0
5138,0.3333333333333333
5139,0.0
5141,0.6666666666666666
5143,0.3333333333333333
5145,0.3333333333333333
5146,0.6666666666666666
5147,0.3333333333333333
5148,0.6666666666666666
5149,1.0
5150,0.3333333333333333
5152,0.3333333333333333
5154,1.0
5155,0.3333333333333333
5156,0.0
5157,0.0
5158,1.0
5159,0.0
5160,0.6666666666666666
5162,0.0
5163,1.0
5165,0.0
5166,0.0
5167,0.0
5169,0.0
5171,1.0
5172,1.0
5174,1.0
5176,1.0
5177,0.6666666666666666
5178,1.0
5179,1.0
5180,0.6666666666666666
5181,0.6666666666666666
5182,0.3333333333333333
5183,0.6666666666666666
5185,0.6666666666666666
5186,0.0
5187,1.0
5188,0.3333333333333333
5189,1.0
5190,0.6666666666666666
5191,0.6666666666666666
5192,0.6666666666666666
5193,0.0
5194,0.0
5195,0.3333333333333333
5196,1.0
5197,0.6666666666666666
5200,0.6666666666666666
5201,0.6666666666666666
5202,1.0
5203,1.0
5204,0.3333333333333333
5205,0.3333333333333333
5206,0.0
5207,0.0
5210,0.0
5211,0.3333333333333333
5212,1.0
5213,1.0
5214,1.0
5215,1.0
5216,1.0
5217,1.0
5219,1.0
5221,0.6666666666666666
5222,1.0
5223,1.0
5224,0.6666666666666666
5225,0.6666666666666666
5226,1.0
5227,1.0
5228,0.6666666666666666
5230,1.0
5232,1.0
5234,0.6666666666666666
5236,0.3333333333333333
5237,0.0
5238,0.3333333333333333
5239,0.3333333333333333
5240,0.3333333333333333
5241,0.3333333333333333
5242,0.3333333333333333
5243,0.6666666666666666
5244,0.0
5245,0.3333333333333333
5246,0.3333333333333333
5247,0.0
5248,0.0
5249,1.0
5250,0.6666666666666666
5251,0.6666666666666666
5253,0.3333333333333333
5254,0.3333333333333333
5255,0.3333333333333333
5256,0.3333333333333333
5257,0.0
5258,1.0
5259,0.6666666666666666
5261,0.6666666666666666
5263,0.3333333333333333
5266,0.3333333333333333
5267,0.0
5268,1.0
5271,0.0
5273,0.0
5274,0.0
5275,0.0
5276,0.0
5277,0.0
5278,0.0
5279,0.0
5280,0.0
5282,0.0
5284,0.0
5285,0.0
5286,0.0
5287,0.0
5288,0.0
5289,0.0
5290,0.0
5291,0.0
5292,0.0
5293,0.0
5294,0.0
5297,0.0
5298,0.0
5299,0.0
5300,0.0
5301,0.0
5302,0.3333333333333333
5303,1.0
5304,0.3333333333333333
5305,0.3333333333333333
5306,0.0
5307,1.0
5308,1.0
5309,1.0
5310,1.0
5311,1.0
5313,0.3333333333333333
5314,0.0
5315,0.0
5317,0.3333333333333333
5319,0.0
5320,0.0
5322,0.0
5324,0.0
5326,0.3333333333333333
5327,0.6666666666666666
5328,0.0
5329,0.0
5330,0.0
5331,0.0
5332,0.0
5333,0.0
5336,0.0
5337,0.0
5338,0.0
5339,0.0
5340,0.0
5342,0.0
5343,1.0
5344,1.0
5345,0.0
5348,0.0
5349,0.0
5350,0.0
5352,0.0
5353,0.0
5354,0.0
5356,0.0
5357,0.0
5358,0.3333333333333333
5359,0.3333333333333333
5360,0.3333333333333333
5361,0.3333333333333333
5363,0.3333333333333333
5364,1.0
5365,1.0
5366,1.0
5367,1.0
5368,1.0
5369,1.0
5370,1.0
5371,1.0
5372,1.0
5373,1.0
5374,1.0
5375,1.0
5376,0.6666666666666666
5377,0.3333333333333333
5379,1.0
5380,0.0
5381,0.0
5382,0.6666666666666666
5384,0.0
5385,1.0
5386,0.0
5388,1.0
5389,0.3333333333333333
5390,0.0
5392,0.3333333333333333
5394,0.6666666666666666
5397,0.6666666666666666
5399,1.0
5400,0.6666666666666666
5401,1.0
5402,0.0
5403,0.6666666666666666
5404,0.3333333333333333
5405,0.6666666666666666
5406,0.3333333333333333
5408,0.3333333333333333
5409,1.0
5410,1.0
5411,1.0
5412,1.0
5413,0.6666666666666666
5414,1.0
5415,1.0
5416,0.6666666666666666
5418,1.0
5419,0.0
5420,0.0
5421,0.0
5422,0.3333333333333333
5423,1.0
5425,0.3333333333333333
5426,0.0
5427,0.6666666666666666
5428,0.6666666666666666
5429,1.0
5430,0.6666666666666666
5431,0.0
5434,0.0
5435,0.0
5436,0.0
5437,0.0
5438,0.3333333333333333
5439,1.0
5440,0.6666666666666666
5441,0.3333333333333333
5442,0.0
5443,0.3333333333333333
5444,0.0
5446,0.0
5447,0.0
5449,0.0
5450,0.6666666666666666
5451,0.6666666666666666
5452,0.0
5454,0.3333333333333333
5455,0.0
5456,0.0
5460,0.3333333333333333
5461,1.0
5463,0.0
5465,1.0
5466,0.3333333333333333
5467,0.3333333333333333
5468,0.3333333333333333
5469,0.3333333333333333
5470,0.3333333333333333
5471,0.0
5473,0.3333333333333333
5474,0.3333333333333333
5475,0.0
5476,0.0
5477,0.3333333333333333
5479,0.3333333333333333
5480,0.3333333333333333
5481,0.6666666666666666
5482,0.6666666666666666
5483,0.6666666666666666
5485,0.6666666666666666
5486,0.6666666666666666
5492,1.0
5493,1.0
5494,0.6666666666666666
5495,1.0
5496,1.0
5499,0.0
5500,0.0
5501,1.0
5503,0.3333333333333333
5504,0.6666666666666666
5506,0.6666666666666666
5507,0.3333333333333333
5508,0.3333333333333333
5509,1.0
5510,0.6666666666666666
5511,0.0
5512,0.0
5513,1.0
5514,0.3333333333333333
5515,0.6666666666666666
5516,0.3333333333333333
5517,0.3333333333333333
5518,0.0
5519,0.3333333333333333
5520,1.0
5521,0.0
5524,0.3333333333333333
5525,0.0
5526,0.3333333333333333
5528,0.3333333333333333
5529,0.6666666666666666
5530,0.0
5531,0.3333333333333333
5533,0.0
5534,0.0
5536,0.0
5539,0.6666666666666666
5540,0.3333333333333333
5541,0.0
5542,0.3333333333333333
5544,0.0
5545,0.6666666666666666
5546,0.6666666666666666
5547,0.6666666666666666
5548,1.0
5550,1.0
5551,1.0
5552,1.0
5553,1.0
5554,0.6666666666666666
5555,0.0
5556,1.0
5557,0.0
5558,0.3333333333333333
5559,0.3333333333333333
5560,0.3333333333333333
5562,0.3333333333333333
5563,0.6666666666666666
5564,0.3333333333333333
5565,0.0
5567,1.0
5568,0.3333333333333333
5569,0.3333333333333333
5570,1.0
5572,0.6666666666666666
5573,0.3333333333333333
5574,0.0
5575,0.3333333333333333
5576,0.0
5577,0.0
5578,0.0
5582,0.0
5583,0.3333333333333333
5584,0.3333333333333333
5585,0.0
5586,0.3333333333333333
5588,0.6666666666666666
5589,1.0
5590,1.0
5591,1.0
5593,0.0
5594,0.0
5595,0.3333333333333333
5597,0.0
5598,1.0
5599,1.0
5600,0.0
5601,0.3333333333333333
5602,0.6666666666666666
5603,0.3333333333333333
5604,1.0
5605,0.0
5606,0.0
5607,0.6666666666666666
5608,0.0
5609,0.0
5610,0.0
5611,0.0
5612,0.6666666666666666
5613,0.3333333333333333
5615,0.0
5617,0.0
5618,0.0
5619,0.6666666666666666
5620,0.6666666666666666
5621,0.3333333333333333
5622,0.0
5623,1.0
5624,0.6666666666666666
5625,0.3333333333333333
5626,0.0
5627,0.0
5629,0.0
5630,0.3333333333333333
5631,0.0
5632,0.0
5634,0.0
5635,0.0
5637,0.3333333333333333
5638,0.0
5640,0.6666666666666666
5641,0.3333333333333333
5642,0.3333333333333333
5643,0.6666666666666666
5644,0.3333333333333333
5645,0.6666666666666666
5646,0.6666666666666666
5647,0.6666666666666666
5648,0.3333333333333333
5650,0.3333333333333333
5653,0.0
5654,0.3333333333333333
5655,0.0
5656,0.0
5657,1.0
5658,0.3333333333333333
5659,0.3333333333333333
5660,0.6666666666666666
5661,0.6666666666666666
5662,0.3333333333333333
5663,0.3333333333333333
5664,0.6666666666666666
5665,1.0
5666,0.0
5667,1.0
5668,1.0
5669,0.6666666666666666
5670,1.0
5672,0.0
5673,0.3333333333333333
5674,1.0
5675,1.0
5676,0.0
5678,0.0
5680,0.0
5681,0.0
5682,0.0
5683,0.3333333333333333
5685,0.0
5686,0.3333333333333333
5687,0.0
5688,0.0
5690,0.0
5692,0.0
5693,0.3333333333333333
5694,0.3333333333333333
5695,0.3333333333333333
5696,0.3333333333333333
5697,0.3333333333333333
5698,0.0
5699,0.3333333333333333
5700,0.6666666666666666
5701,0.0
5702,0.0
5705,0.3333333333333333
5706,0.0
5707,0.0
5708,0.0
5710,0.0
5711,1.0
5712,0.0
5713,0.0
5714,0.0
5715,0.0
5716,1.0
5717,1.0
5718,1.0
5719,0.6666666666666666
5720,1.0
5721,1.0
5724,1.0
5726,0.0
5728,0.0
5729,0.3333333333333333
5730,0.0
5731,0.3333333333333333
5732,0.3333333333333333
5734,0.0
5735,0.0
5736,0.0
5737,0.6666666666666666
5738,0.3333333333333333
5739,0.0
5740,0.0
5741,0.0
5742,0.0
5743,0.0
5744,0.0
5745,0.0
5746,0.0
5748,0.6666666666666666
5749,0.6666666666666666
5751,0.6666666666666666
5752,1.0
5753,0.6666666666666666
5754,0.6666666666666666
5755,0.6666666666666666
5756,0.6666666666666666
5757,1.0
5758,1.0
5759,1.0
5760,1.0
5762,1.0
5763,1.0
5764,1.0
5765,1.0
5766,1.0
5767,1.0
5770,1.0
5771,1.0
5774,1.0
5775,1.0
5776,1.0
5777,1.0
5779,1.0
5782,0.0
5783,0.0
5784,0.3333333333333333
5785,0.3333333333333333
5786,0.3333333333333333
5788,0.6666666666666666
5789,1.0
5790,1.0
5791,1.0
5792,0.6666666666666666
5793,0.6666666666666666
5794,1.0
5796,0.0
5797,0.3333333333333333
5799,0.3333333333333333
5800,0.3333333333333333
5801,0.3333333333333333
5802,1.0
5803,0.3333333333333333
5804,0.3333333333333333
5805,0.0
5808,1.0
5809,1.0
5810,0.3333333333333333
5811,0.3333333333333333
5812,0.6666666666666666
5813,0.6666666666666666
5814,0.6666666666666666
5815,0.3333333333333333
5816,0.3333333333333333
5817,0.3333333333333333
5818,0.6666666666666666
5819,0.3333333333333333
5824,1.0
5826,1.0
5827,0.6666666666666666
5828,1.0
5829,0.3333333333333333
5830,0.3333333333333333
5831,0.0
5832,0.3333333333333333
5834,0.6666666666666666
5835,0.0
5836,0.3333333333333333
5837,0.0
5838,0.0
5839,0.6666666666666666
5840,0.6666666666666666
5841,0.6666666666666666
5842,0.0
5844,0.0
5845,1.0
5846,1.0
5848,1.0
5849,1.0
5850,0.0
5851,0.0
5853,1.0
5855,1.0
5856,1.0
5857,1.0
5858,1.0
5859,1.0
5860,1.0
5861,0.3333333333333333
5862,0.6666666666666666
5863,0.0
5864,0.0
5865,0.6666666666666666
5866,1.0
5867,0.0
5868,1.0
5870,1.0
5871,1.0
5872,1.0
5873,1.0
5874,1.0
5875,1.0
5876,1.0
5877,0.0
5878,0.0
5879,0.3333333333333333
5880,0.3333333333333333
5881,0.0
5882,0.3333333333333333
5884,0.6666666666666666
5885,0.6666666666666666
5886,0.6666666666666666
5887,0.6666666666666666
5888,0.3333333333333333
5889,0.3333333333333333
5890,0.3333333333333333
5892,0.3333333333333333
5893,1.0
5895,0.0
5896,0.0
5897,0.6666666666666666
5898,0.6666666666666666
5900,0.3333333333333333
5901,0.3333333333333333
5902,0.6666666666666666
5903,0.3333333333333333
5904,0.6666666666666666
5905,1.0
5907,0.3333333333333333
5908,0.3333333333333333
5909,1.0
5910,1.0
5911,1.0
5912,0.0
5915,0.0
5916,0.3333333333333333
5917,0.3333333333333333
5918,0.6666666666666666
5919,1.0
5920,1.0
5921,0.6666666666666666
5923,0.6666666666666666
5924,0.3333333333333333
5926,1.0
5927,1.0
5928,1.0
5930,1.0
5931,1.0
5932,0.3333333333333333
5933,1.0
5934,0.3333333333333333
5935,0.3333333333333333
5936,0.3333333333333333
5937,0.3333333333333333
5938,0.3333333333333333
5939,1.0
5940,0.6666666666666666
5941,0.6666666666666666
5942,1.0
5943,0.0
5944,0.6666666666666666
5945,1.0
5946,1.0
5947,0.6666666666666666
5949,1.0
5950,1.0
5952,1.0
5954,1.0
5955,0.0
5956,0.0
5957,0.6666666666666666
5958,0.6666666666666666
5960,0.3333333333333333
5961,1.0
5962,0.0
5963,0.0
5964,0.0
5965,0.3333333333333333
5966,0.6666666666666666
5967,0.6666666666666666
5968,0.0
5969,0.0
5970,0.3333333333333333
5971,0.0
5973,0.6666666666666666
5974,0.6666666666666666
5975,1.0
5976,1.0
5978,0.0
5979,0.0
5982,1.0
5983,0.0
5984,1.0
5985,0.3333333333333333
5987,0.6666666666666666
5988,0.3333333333333333
5989,1.0
5990,1.0
5991,1.0
5992,1.0
5993,1.0
5994,1.0
5995,1.0
5996,0.3333333333333333
5997,1.0
5998,1.0
5999,0.6666666666666666
6000,0.0
6001,0.6666666666666666
6002,0.6666666666666666
6003,0.3333333333333333
6004,1.0
6006,0.6666666666666666
6007,0.6666666666666666
6008,0.6666666666666666
6009,0.6666666666666666
6010,0.6666666666666666
6011,1.0
6012,1.0
6013,0.6666666666666666
6014,0.3333333333333333
6017,1.0
6018,0.0
6021,0.0
6022,1.0
6025,0.0
6026,0.6666666666666666
6028,0.0
6030,0.0
6031,0.3333333333333333
6032,0.0
6033,0.3333333333333333
6034,0.3333333333333333
6035,0.0
6036,0.0
6037,1.0
6039,0.3333333333333333
6040,1.0
6041,0.6666666666666666
6042,1.0
6043,0.0
6045,0.0
6047,0.0
6050,0.0
6051,0.0
6052,0.0
6053,0.6666666666666666
6054,0.3333333333333333
6055,0.0
6056,1.0
6058,1.0
6059,1.0
6060,1.0
6061,1.0
6062,1.0
6063,1.0
6065,1.0
6066,0.0
6067,0.6666666666666666
6068,0.0
6069,0.6666666666666666
6072,0.0
6073,0.3333333333333333
6074,0.3333333333333333
6079,0.0
6080,1.0
6081,0.3333333333333333
6082,0.3333333333333333
6084,0.6666666666666666
6085,0.3333333333333333
6086,0.6666666666666666
6088,0.0
6089,0.0
6090,0.6666666666666666
6091,0.0
6092,1.0
6093,0.0
6094,0.6666666666666666
6095,0.3333333333333333
6096,0.3333333333333333
6097,0.0
6098,0.6666666666666666
6100,0.0
6103,0.3333333333333333
6106,0.6666666666666666
6107,0.3333333333333333
6108,0.3333333333333333
6110,1.0
6111,1.0
6112,0.6666666666666666
6113,0.3333333333333333
6114,0.3333333333333333
6115,1.0
6116,1.0
6118,1.0
6120,0.0
6121,0.3333333333333333
6122,0.3333333333333333
6124,0.3333333333333333
6125,0.3333333333333333
6127,0.6666666666666666
6128,1.0
6129,0.0
6130,0.3333333333333333
6131,0.0
6132,0.6666666666666666
6133,0.6666666666666666
6134,1.0
6135,0.0
6136,0.3333333333333333
6137,0.3333333333333333
6138,1.0
6139,0.3333333333333333
6141,0.3333333333333333
6142,0.6666666666666666
6143,0.6666666666666666
6144,0.3333333333333333
6145,1.0
6146,0.3333333333333333
6147,0.3333333333333333
6148,0.0
6149,0.6666666666666666
6150,1.0
6152,0.0
6153,0.6666666666666666
6155,0.0
6157,0.0
6158,0.6666666666666666
6159,1.0
6160,0.3333333333333333
6161,1.0
6163,0.0
6164,0.3333333333333333
6165,0.3333333333333333
6166,0.6666666666666666
6168,0.0
6169,0.6666666666666666
6171,1.0
6172,1.0
6173,1.0
6175,0.6666666666666666
6176,0.6666666666666666
6177,0.6666666666666666
6178,1.0
6179,1.0
6180,1.0
6181,1.0
6182,1.0
6184,0.6666666666666666
6186,0.0
6187,0.3333333333333333
6188,1.0
6189,0.6666666666666666
6190,1.0
6191,1.0
6192,1.0
6193,1.0
6194,0.3333333333333333
6196,1.0
6197,0.3333333333333333
6198,0.0
6199,0.6666666666666666
6201,0.3333333333333333
6203,1.0
6207,1.0
6208,0.3333333333333333
6209,0.0
6211,0.0
6212,0.6666666666666666
6213,0.6666666666666666
6214,0.0
6216,0.3333333333333333
6217,0.3333333333333333
6218,0.6666666666666666
6221,0.3333333333333333
6222,0.0
6223,0.3333333333333333
6224,0.6666666666666666
6226,1.0
6227,0.6666666666666666
6228,0.6666666666666666
6229,0.6666666666666666
6230,0.6666666666666666
6231,0.6666666666666666
6232,0.6666666666666666
6233,0.3333333333333333
6234,0.6666666666666666
6236,0.3333333333333333
6237,0.6666666666666666
6238,0.6666666666666666
6239,0.3333333333333333
6240,0.6666666666666666
6241,0.3333333333333333
6242,0.3333333333333333
6243,1.0
6244,0.0
6245,0.3333333333333333
6247,0.3333333333333333
6248,0.3333333333333333
6249,0.3333333333333333
6250,0.3333333333333333
6253,0.0
6254,0.3333333333333333
6255,0.3333333333333333
6257,0.3333333333333333
6258,1.0
6259,1.0
6263,0.6666666666666666
6264,1.0
6265,0.0
6266,0.0
6268,0.3333333333333333
6269,0.0
6270,0.0
6271,1.0
6272,0.0
6273,0.3333333333333333
6274,0.3333333333333333
6275,0.0
6276,0.3333333333333333
6277,1.0
6278,0.6666666666666666
6279,1.0
6280,1.0
6281,0.6666666666666666
6282,1.0
6283,1.0
6284,1.0
6285,1.0
6286,0.3333333333333333
6287,1.0
6288,1.0
6289,1.0
6290,0.6666666666666666
6291,0.6666666666666666
6292,1.0
6293,1.0
6294,1.0
6295,1.0
6297,1.0
6298,1.0
6299,1.0
6300,0.6666666666666666
6301,1.0
6302,1.0
6303,1.0
6304,1.0
6305,1.0
6306,1.0
6307,1.0
6308,1.0
6310,1.0
6311,1.0
6313,1.0
6314,0.6666666666666666
6315,1.0
6316,1.0
6317,1.0
6318,1.0
6319,1.0
6320,0.6666666666666666
6321,0.6666666666666666
6322,1.0
6323,1.0
6324,1.0
6326,1.0
6327,1.0
6328,1.0
6330,1.0
6331,1.0
6332,0.6666666666666666
6333,1.0
6334,1.0
6336,1.0
6337,1.0
6338,0.6666666666666666
6339,1.0
6340,0.6666666666666666
6341,1.0
6343,0.3333333333333333
6344,0.6666666666666666
6348,1.0
6349,1.0
6351,1.0
6352,1.0
6353,0.3333333333333333
6354,1.0
6355,0.3333333333333333
6356,0.6666666666666666
6357,0.0
6358,1.0
6359,0.0
6360,0.0
6361,1.0
6362,1.0
6363,0.3333333333333333
6364,1.0
6365,0.0
6366,0.0
6369,0.0
6370,0.0
6371,1.0
6373,0.3333333333333333
6374,0.3333333333333333
6375,1.0
6376,1.0
6377,0.0
6378,0.0
6379,0.0
6380,0.0
6381,0.0
6382,0.0
6383,1.0
6385,0.3333333333333333
6386,0.3333333333333333
6387,0.6666666666666666
6388,0.3333333333333333
6389,0.0
6390,0.0
6391,1.0
6392,0.0
6393,0.6666666666666666
6394,0.3333333333333333
6395,0.0
6397,0.6666666666666666
6398,1.0
6399,1.0
6401,0.6666666666666666
6402,1.0
6403,1.0
6404,1.0
6405,1.0
6406,0.3333333333333333
6407,0.0
6408,1.0
6409,0.0
6410,0.3333333333333333
6411,1.0
6412,0.3333333333333333
6413,0.6666666666666666
6414,1.0
6417,0.6666666666666666
6418,1.0
6421,1.0
6422,1.0
6423,1.0
6424,1.0
6425,1.0
6428,1.0
6430,0.6666666666666666
6431,1.0
6433,1.0
6434,1.0
6435,0.6666666666666666
6436,0.3333333333333333
6438,0.0
6439,0.3333333333333333
6440,0.0
6441,0.3333333333333333
6442,0.3333333333333333
6444,0.3333333333333333
6445,1.0
6446,0.3333333333333333
6448,0.0
6450,0.3333333333333333
6451,0.3333333333333333
6452,0.3333333333333333
6454,0.3333333333333333
6455,0.6666666666666666
6457,1.0
6458,1.0
6459,0.6666666666666666
6460,0.0
6461,0.0
6462,0.0
6463,0.6666666666666666
6464,1.0
6465,0.6666666666666666
6466,1.0
6467,0.6666666666666666
6468,0.3333333333333333
6469,0.3333333333333333
6470,0.3333333333333333
6471,0.0
6473,0.6666666666666666
6474,0.6666666666666666
6475,0.6666666666666666
6476,0.6666666666666666
6477,0.6666666666666666
6478,0.6666666666666666
6479,0.6666666666666666
6481,0.6666666666666666
6482,0.3333333333333333
6484,0.3333333333333333
6485,1.0
6486,1.0
6487,1.0
6488,1.0
6490,0.0
6491,0.6666666666666666
6492,0.3333333333333333
6493,0.3333333333333333
6494,0.3333333333333333
6495,0.0
6498,1.0
6499,0.6666666666666666
6502,0.6666666666666666
6504,1.0
6506,0.0
6507,0.0
6508,1.0
6511,0.0
6512,0.0
6513,0.3333333333333333
6514,0.6666666666666666
6516,0.6666666666666666
6517,1.0
6518,0.0
6519,1.0
6520,1.0
6521,1.0
6522,1.0
6523,0.0
6524,0.3333333333333333
6525,0.3333333333333333
6526,0.3333333333333333
6527,0.3333333333333333
6528,0.3333333333333333
6529,0.6666666666666666
6530,1.0
6531,0.3333333333333333
6532,0.3333333333333333
6533,0.3333333333333333
6534,0.0
6535,0.3333333333333333
6536,0.0
6538,0.3333333333333333
6539,0.0
6540,0.0
6541,0.0
6543,0.0
6544,0.3333333333333333
6545,0.3333333333333333
6546,0.3333333333333333
6547,0.6666666666666666
6548,0.0
6549,0.0
6550,0.0
6551,0.6666666666666666
6552,1.0
6553,0.6666666666666666
6554,0.0
6555,0.0
6556,0.6666666666666666
6557,0.3333333333333333
6558,0.3333333333333333
6560,0.0
6561,1.0
6562,0.3333333333333333
6563,0.3333333333333333
6564,0.6666666666666666
6565,0.0
6566,0.6666666666666666
6568,1.0
6569,0.0
6570,0.0
6571,1.0
6572,1.0
6573,0.6666666666666666
6575,0.6666666666666666
6577,0.6666666666666666
6578,0.3333333333333333
6579,1.0
6580,1.0
6582,1.0
6583,0.6666666666666666
6584,1.0
6585,0.0
6586,0.0
6587,0.6666666666666666
6588,1.0
6589,0.3333333333333333
6590,1.0
6592,0.0
6593,0.0
6594,0.6666666666666666
6595,0.0
6596,0.0
6597,0.0
6598,1.0
6599,1.0
6600,1.0
6601,1.0
6603,0.3333333333333333
6605,1.0
6606,1.0
6608,0.6666666666666666
6609,0.6666666666666666
6611,0.3333333333333333
6613,1.0
6615,0.3333333333333333
6616,0.6666666666666666
6617,0.3333333333333333
6618,0.3333333333333333
6620,0.3333333333333333
6621,0.3333333333333333
6622,0.6666666666666666
6623,0.0
6624,0.6666666666666666
6625,1.0
6626,1.0
6627,1.0
6628,0.6666666666666666
6629,0.6666666666666666
6630,0.6666666666666666
6631,0.3333333333333333
6632,0.6666666666666666
6633,0.0
6634,0.3333333333333333
6635,0.0
6636,1.0
6638,1.0
6639,1.0
6640,1.0
6641,1.0
6642,1.0
6643,1.0
6644,1.0
6646,0.3333333333333333
6647,0.0
6648,0.3333333333333333
6649,0.6666666666666666
6650,1.0
6651,0.6666666666666666
6652,0.0
6653,1.0
6655,0.6666666666666666
6656,0.0
6658,1.0
6659,1.0
6660,1.0
6661,1.0
6662,1.0
6663,0.6666666666666666
6664,0.6666666666666666
6665,0.0
6666,0.6666666666666666
6667,0.6666666666666666
6668,0.3333333333333333
6670,0.0
6671,1.0
6672,1.0
6673,0.3333333333333333
6675,1.0
6676,1.0
6678,0.6666666666666666
6679,1.0
6680,1.0
6681,1.0
6682,1.0
6683,0.0
6685,0.3333333333333333
6686,0.0
6690,0.3333333333333333
6692,0.6666666666666666
6693,0.3333333333333333
6694,0.6666666666666666
6695,0.0
6696,0.3333333333333333
6697,0.6666666666666666
6698,0.6666666666666666
6699,0.0
6700,0.3333333333333333
6701,0.0
6702,0.3333333333333333
6703,0.3333333333333333
6704,0.6666666666666666
6705,0.3333333333333333
6706,0.0
6707,0.3333333333333333
6709,1.0
6710,1.0
6711,0.0
6712,0.6666666666666666
6715,0.0
6716,0.0
6717,0.0
6718,0.6666666666666666
6719,0.6666666666666666
6720,1.0
6724,1.0
6725,0.0
6726,0.3333333333333333
6727,0.6666666666666666
6728,0.6666666666666666
6729,0.6666666666666666
6730,1.0
6731,0.3333333333333333
6732,0.3333333333333333
6733,1.0
6735,0.3333333333333333
6737,0.6666666666666666
6738,0.6666666666666666
6739,1.0
6740,0.6666666666666666
6741,0.6666666666666666
6742,0.6666666666666666
6743,0.6666666666666666
6744,1.0
6745,1.0
6746,1.0
6747,0.3333333333333333
6748,0.0
6749,0.6666666666666666
6750,0.6666666666666666
6753,0.3333333333333333
6754,0.6666666666666666
6755,1.0
6757,0.6666666666666666
6758,1.0
6759,0.6666666666666666
6760,0.0
6762,0.3333333333333333
6763,0.0
6764,1.0
6765,1.0
6766,0.6666666666666666
6767,0.3333333333333333
6768,0.0
6769,0.3333333333333333
6770,0.0
6771,0.3333333333333333
6772,0.3333333333333333
6773,0.0
6774,0.0
6775,0.0
6776,0.0
6777,0.0
6778,0.3333333333333333
6779,0.0
6782,0.6666666666666666
6783,0.6666666666666666
6784,0.6666666666666666
6785,1.0
6786,0.6666666666666666
6787,0.3333333333333333
6788,0.3333333333333333
6790,0.0
6791,0.3333333333333333
6792,0.0
6793,0.0
6794,0.3333333333333333
6795,0.0
6796,0.0
6798,0.6666666666666666
6800,0.3333333333333333
6801,0.6666666666666666
6802,1.0
6803,1.0
6804,0.6666666666666666
6805,1.0
6806,1.0
6807,1.0
6808,1.0
6809,1.0
6810,1.0
6812,1.0
6813,1.0
6815,0.6666666666666666
6818,1.0
6819,0.0
6820,1.0
6821,0.0
6822,0.0
6823,0.6666666666666666
6824,0.6666666666666666
6825,0.3333333333333333
6827,0.3333333333333333
6828,0.3333333333333333
6830,0.0
6831,0.3333333333333333
6832,0.0
6835,0.3333333333333333
6838,0.3333333333333333
6839,0.3333333333333333
6840,0.3333333333333333
6841,0.6666666666666666
6842,0.3333333333333333
6843,0.3333333333333333
6844,0.0
6845,0.0
6846,0.3333333333333333
6847,0.6666666666666666
6848,0.0
6849,1.0
6851,0.0
6853,0.0
6855,0.0
6856,0.0
6857,0.0
6858,0.0
6859,0.0
6860,0.0
6861,0.6666666666666666
6862,1.0
6863,0.6666666666666666
6864,0.6666666666666666
6865,1.0
6866,0.6666666666666666
6868,0.0
6870,0.6666666666666666
6871,0.0
6872,0.6666666666666666
6873,0.3333333333333333
6876,0.0
6877,0.3333333333333333
6879,0.6666666666666666
6880,1.0
6881,1.0
6882,1.0
6883,0.3333333333333333
6885,0.3333333333333333
6886,1.0
6887,1.0
6888,0.3333333333333333
6889,0.3333333333333333
6890,1.0
6891,0.0
6892,0.6666666666666666
6893,1.0
6894,0.6666666666666666
6896,0.3333333333333333
6897,0.0
6898,0.6666666666666666
6899,1.0
6902,0.6666666666666666
6903,0.3333333333333333
6904,1.0
6905,1.0
6906,1.0
6907,1.0
6908,1.0
6909,1.0
6910,1.0
6911,1.0
6912,1.0
6913,1.0
6914,1.0
6916,1.0
6918,1.0
6919,1.0
6920,1.0
6921,1.0
6922,1.0
6923,1.0
6924,1.0
6925,1.0
6926,1.0
6927,1.0
6928,1.0
6929,1.0
6930,1.0
6931,1.0
6932,1.0
6934,1.0
6935,1.0
6938,1.0
6939,1.0
6940,1.0
6943,1.0
6945,1.0
6948,1.0
6950,1.0
6951,1.0
6953,1.0
6954,1.0
6955,1.0
6956,1.0
6959,1.0
6961,1.0
6962,1.0
6963,1.0
6965,1.0
6967,1.0
6969,0.3333333333333333
6970,1.0
6971,0.6666666666666666
6972,1.0
6973,0.6666666666666666
6974,1.0
6975,1.0
6976,1.0
6977,1.0
6978,1.0
6979,0.6666666666666666
6980,1.0
6981,1.0
6983,1.0
6984,0.3333333333333333
6985,0.3333333333333333
6986,0.0
6988,0.0
6989,0.3333333333333333
6991,0.0
6992,0.0
6993,0.0
6994,0.6666666666666666
6995,0.6666666666666666
6996,0.6666666666666666
6997,0.0
6999,1.0
7001,0.3333333333333333
7002,0.6666666666666666
7003,1.0
7004,0.0
7005,0.0
7006,0.3333333333333333
7007,0.0
7009,0.3333333333333333
7010,1.0
7011,0.3333333333333333
7012,0.3333333333333333
7013,0.3333333333333333
7014,1.0
7015,0.6666666666666666
7016,0.0
7017,0.3333333333333333
7018,0.3333333333333333
7019,0.0
7020,0.6666666666666666
7021,0.6666666666666666
7022,0.3333333333333333
7023,0.3333333333333333
7024,0.0
7027,1.0
7028,0.6666666666666666
7029,0.6666666666666666
7030,1.0
7031,1.0
7032,1.0
7033,1.0
7035,0.3333333333333333
7036,1.0
7037,1.0
7038,0.6666666666666666
7039,0.3333333333333333
7040,0.6666666666666666
7041,0.0
7042,0.0
7043,0.0
7044,0.0
7045,0.6666666666666666
7047,0.0
7048,0.6666666666666666
7049,0.6666666666666666
7050,0.3333333333333333
7051,0.0
7052,0.0
7053,0.0
7054,0.0
7055,0.0
7057,0.0
7058,0.3333333333333333
7061,1.0
7064,1.0
7065,1.0
7066,0.0
7067,0.0
7068,0.3333333333333333
7071,1.0
7072,0.0
7073,0.6666666666666666
7074,0.3333333333333333
7075,0.0
7076,0.3333333333333333
7077,0.0
7078,0.0
7079,0.0
7080,0.0
7081,0.3333333333333333
7082,0.6666666666666666
7083,0.6666666666666666
7084,1.0
7085,0.6666666666666666
7086,0.0
7087,0.0
7088,0.0
7089,0.6666666666666666
7090,0.3333333333333333
7091,0.0
7092,1.0
7093,0.0
7096,0.0
7098,0.0
7099,0.0
7100,0.0
7101,0.0
7102,0.6666666666666666
7103,0.0
7104,0.6666666666666666
7105,0.6666666666666666
7106,0.3333333333333333
7107,0.0
7108,0.3333333333333333
7109,0.0
7110,0.3333333333333333
7111,0.3333333333333333
7112,0.6666666666666666
7113,1.0
7115,0.0
7116,0.0
7117,0.0
7118,0.6666666666666666
7120,0.6666666666666666
7122,1.0
7123,0.6666666666666666
7124,1.0
7126,0.6666666666666666
7128,1.0
7130,0.6666666666666666
7132,1.0
7133,1.0
7134,0.6666666666666666
7135,0.3333333333333333
7136,0.6666666666666666
7137,0.6666666666666666
7138,1.0
7140,0.3333333333333333
7141,0.0
7142,0.0
7143,0.0
7144,1.0
7145,0.0
7148,0.0
7151,1.0
7152,1.0
7153,1.0
7154,1.0
7155,0.3333333333333333
7157,1.0
7158,1.0
7159,1.0
7160,0.6666666666666666
7161,0.6666666666666666
7162,1.0
7163,0.6666666666666666
7165,0.0
7167,1.0
7168,1.0
7169,1.0
7170,1.0
7171,1.0
7172,0.6666666666666666
7174,1.0
7175,1.0
7176,1.0
7178,0.6666666666666666
7179,0.3333333333333333
7180,0.0
7182,0.3333333333333333
7183,0.6666666666666666
7184,0.0
7186,0.0
7187,0.0
7189,0.3333333333333333
7190,0.6666666666666666
7191,0.6666666666666666
7192,0.6666666666666666
7193,1.0
7194,0.6666666666666666
7195,1.0
7196,1.0
7201,1.0
7202,0.0
7203,0.0
7206,0.3333333333333333
7208,0.6666666666666666
7209,0.3333333333333333
7210,0.3333333333333333
7214,0.3333333333333333
7215,0.3333333333333333
7217,0.6666666666666666
7218,1.0
7221,0.6666666666666666
7222,0.3333333333333333
7224,1.0
7225,1.0
7226,0.6666666666666666
7227,1.0
7229,1.0
7230,1.0
7231,1.0
7232,0.6666666666666666
7233,0.6666666666666666
7234,0.6666666666666666
7235,1.0
7237,1.0
7238,1.0
7239,1.0
7240,1.0
7241,1.0
7242,1.0
7243,1.0
7244,1.0
7245,1.0
7246,1.0
7247,1.0
7248,1.0
7249,1.0
7250,1.0
7251,1.0
7252,1.0
7253,1.0
7254,1.0
7255,1.0
7256,1.0
7257,1.0
7258,1.0
7260,1.0
7261,1.0
7262,1.0
7263,1.0
7264,1.0
7266,1.0
7267,1.0
7269,1.0
7270,1.0
7271,1.0
7272,1.0
7274,1.0
7275,1.0
7276,1.0
7279,1.0
7280,1.0
7281,1.0
7282,1.0
7283,1.0
7284,1.0
7285,0.6666666666666666
7286,1.0
7288,1.0
7289,1.0
7291,1.0
7292,1.0
7293,1.0
7294,1.0
7296,1.0
7297,1.0
7299,1.0
7300,1.0
7301,1.0
7302,1.0
7303,1.0
7304,1.0
7305,1.0
7306,1.0
7307,1.0
7308,1.0
7309,1.0
7310,1.0
7311,1.0
7312,0.6666666666666666
7313,1.0
7314,0.0
7315,0.0
7317,0.0
7318,0.0
7319,0.0
7321,0.0
7322,0.0
7323,0.0
7325,0.6666666666666666
7326,1.0
7328,0.0
7330,0.6666666666666666
7331,1.0
7332,1.0
7333,0.3333333333333333
7334,0.6666666666666666
7336,1.0
7337,0.0
7338,0.0
7340,0.0
7341,0.0
7342,0.0
7343,0.6666666666666666
7344,0.0
7346,0.3333333333333333
7348,0.6666666666666666
7350,0.3333333333333333
7351,0.6666666666666666
7356,0.6666666666666666
7358,0.6666666666666666
7359,0.6666666666666666
7360,0.6666666666666666
7361,1.0
7363,0.6666666666666666
7364,0.6666666666666666
7365,0.6666666666666666
7366,0.6666666666666666
7368,0.0
7369,0.6666666666666666
7370,0.3333333333333333
7372,0.3333333333333333
7373,0.3333333333333333
7375,0.3333333333333333
7376,0.0
7377,0.3333333333333333
7378,1.0
7379,0.3333333333333333
7381,0.6666666666666666
7382,0.0
7384,0.3333333333333333
7387,0.0
7388,0.0
7390,1.0
7391,0.6666666666666666
7392,1.0
7393,1.0
7395,0.0
7396,0.3333333333333333
7397,0.0
7398,0.0
7399,0.3333333333333333
7400,0.3333333333333333
7401,0.0
7402,0.0
7403,0.6666666666666666
7405,0.6666666666666666
7406,1.0
7407,0.6666666666666666
7408,0.6666666666666666
7409,0.3333333333333333
7412,1.0
7414,0.0
7417,0.3333333333333333
7420,0.3333333333333333
7421,1.0
7427,0.6666666666666666
7428,0.6666666666666666
7429,0.6666666666666666
7430,0.3333333333333333
7431,0.3333333333333333
7432,0.6666666666666666
7433,0.3333333333333333
7435,0.3333333333333333
7436,0.3333333333333333
7437,0.0
7438,0.0
7440,0.6666666666666666
7441,0.3333333333333333
7443,0.3333333333333333
7444,0.0
7446,0.0
7447,0.0
7448,0.0
7449,0.0
7450,1.0
7451,0.6666666666666666
7452,0.3333333333333333
7456,0.0
7457,0.0
7458,0.0
7459,0.0
7460,0.0
7462,0.0
7463,0.0
7464,0.0
7465,0.0
7468,0.3333333333333333
7469,0.3333333333333333
7471,0.3333333333333333
7472,0.3333333333333333
7473,0.6666666666666666
7475,0.6666666666666666
7476,1.0
7477,0.6666666666666666
7478,0.6666666666666666
7479,0.6666666666666666
7480,0.6666666666666666
7481,0.6666666666666666
7482,0.3333333333333333
7484,0.6666666666666666
7485,0.3333333333333333
7486,0.3333333333333333
7488,0.3333333333333333
7489,0.3333333333333333
7490,0.3333333333333333
7491,1.0
7492,0.6666666666666666
7493,0.0
7494,0.0
7495,0.6666666666666666
7497,1.0
7498,0.6666666666666666
7499,0.6666666666666666
7501,0.6666666666666666
7503,1.0
7506,0.3333333333333333
7508,0.6666666666666666
7510,1.0
7512,0.3333333333333333
7513,0.0
7515,0.6666666666666666
7517,1.0
7519,1.0
7520,1.0
7521,1.0
7522,1.0
7523,1.0
7524,1.0
7525,1.0
7526,1.0
7527,1.0
7528,0.6666666666666666
7529,1.0
7532,0.6666666666666666
7533,0.6666666666666666
7534,1.0
7535,0.0
7536,1.0
7537,1.0
7538,1.0
7540,1.0
7541,1.0
7542,1.0
7543,1.0
7544,1.0
7545,1.0
7546,0.3333333333333333
7547,0.6666666666666666
7548,0.6666666666666666
7549,0.3333333333333333
7550,0.3333333333333333
7551,0.3333333333333333
7553,0.0
7554,0.3333333333333333
7555,1.0
7556,0.6666666666666666
7557,1.0
7558,0.0
7560,0.6666666666666666
7562,1.0
7563,0.0
7564,0.6666666666666666
7566,0.0
7568,1.0
7569,1.0
7570,1.0
7572,1.0
7573,1.0
7574,1.0
7575,1.0
7577,0.3333333333333333
7578,1.0
7579,0.0
7580,0.3333333333333333
7582,1.0
7584,1.0
7585,1.0
7586,0.6666666666666666
7587,0.6666666666666666
7588,0.6666666666666666
7589,0.3333333333333333
7590,0.6666666666666666
7591,1.0
7592,1.0
7593,1.0
7595,1.0
7596,1.0
7597,0.6666666666666666
7598,1.0
7602,0.6666666666666666
7603,1.0
7605,0.6666666666666666
7607,0.6666666666666666
7608,0.3333333333333333
7609,0.6666666666666666
7610,0.0
7611,0.0
7612,0.6666666666666666
7613,0.6666666666666666
7614,0.6666666666666666
7616,0.6666666666666666
7617,0.0
7620,0.6666666666666666
7622,0.0
7623,0.0
7626,0.0
7628,0.0
7629,0.0
7630,0.0
7631,0.0
7632,0.0
7634,0.3333333333333333
7635,0.0
7636,0.0
7637,0.3333333333333333
7638,0.3333333333333333
7642,0.3333333333333333
7644,0.3333333333333333
7645,0.0
7646,0.0
7647,0.0
7648,0.0
7649,0.0
7650,0.0
7651,0.0
7652,0.0
7653,0.0
7654,0.0
7655,0.0
7656,0.3333333333333333
7657,0.0
7659,0.0
7660,0.3333333333333333
7661,1.0
7662,0.6666666666666666
7664,0.3333333333333333
7665,0.3333333333333333
7666,0.3333333333333333
7668,0.0
7669,1.0
7670,0.0
7672,0.0
7673,1.0
7675,0.6666666666666666
7677,0.3333333333333333
7678,0.6666666666666666
7679,0.6666666666666666
7680,0.3333333333333333
7681,1.0
7684,0.0
7685,0.6666666666666666
7686,0.3333333333333333
7687,0.3333333333333333
7688,0.6666666666666666
7689,0.6666666666666666
7690,0.3333333333333333
7691,0.6666666666666666
7692,0.3333333333333333
7693,0.3333333333333333
7694,0.6666666666666666
7695,0.3333333333333333
7696,0.3333333333333333
7697,0.0
7698,1.0
7700,0.6666666666666666
7701,1.0
7702,0.3333333333333333
7703,0.3333333333333333
7704,0.0
7706,0.0
7707,1.0
7708,0.6666666666666666
7709,1.0
7710,1.0
7711,1.0
7712,0.6666666666666666
7713,1.0
7714,1.0
7715,1.0
7716,1.0
7717,1.0
7718,1.0
7719,1.0
7720,1.0
7721,1.0
7722,1.0
7723,1.0
7724,0.3333333333333333
7726,0.6666666666666666
7727,0.6666666666666666
7728,0.6666666666666666
7729,1.0
7730,0.0
7731,0.3333333333333333
7732,0.3333333333333333
7734,1.0
7735,0.3333333333333333
7737,0.3333333333333333
7738,1.0
7739,1.0
7740,1.0
7741,1.0
7743,0.6666666666666666
7744,0.0
7746,0.3333333333333333
7748,0.3333333333333333
7749,0.0
7750,1.0
7751,1.0
7752,0.6666666666666666
7753,1.0
7754,0.3333333333333333
7755,0.3333333333333333
7757,0.3333333333333333
7759,0.6666666666666666
7760,0.6666666666666666
7762,0.3333333333333333
7763,1.0
7764,0.0
7765,0.0
7766,0.6666666666666666
7767,0.3333333333333333
7768,0.3333333333333333
7769,0.3333333333333333
7770,0.0
7771,0.0
7772,0.3333333333333333
7773,0.6666666666666666
7775,0.6666666666666666
7776,1.0
7777,1.0
7779,0.6666666666666666
7780,0.0
7781,0.0
7782,1.0
7783,0.6666666666666666
7784,0.6666666666666666
7785,0.3333333333333333
7787,0.6666666666666666
7788,0.0
7789,0.6666666666666666
7790,1.0
7791,0.6666666666666666
7792,0.3333333333333333
7793,0.6666666666666666
7794,0.6666666666666666
7796,0.6666666666666666
7798,0.6666666666666666
7799,1.0
7801,1.0
7803,1.0
7804,1.0
7806,0.6666666666666666
7809,1.0
7811,1.0
7812,1.0
7813,1.0
7814,0.6666666666666666
7815,0.6666666666666666
7816,0.0
7817,0.0
7818,0.0
7819,0.0
7820,0.0
7821,0.0
7822,0.3333333333333333
7823,0.3333333333333333
7824,1.0
7825,1.0
7826,1.0
7828,1.0
7829,0.3333333333333333
7830,0.6666666666666666
7831,0.3333333333333333
7832,0.6666666666666666
7834,0.6666666666666666
7835,1.0
7836,1.0
7837,0.6666666666666666
7838,0.3333333333333333
7839,0.0
7840,1.0
7843,1.0
7844,0.3333333333333333
7845,1.0
7846,1.0
7847,0.0
7848,0.6666666666666666
7849,0.0
7850,0.0
7851,0.0
7853,1.0
7855,0.0
7856,0.3333333333333333
7858,1.0
7859,1.0
7860,1.0
7861,1.0
7862,1.0
7863,0.0
7864,0.0
7865,0.0
7866,0.6666666666666666
7867,0.6666666666666666
7869,0.3333333333333333
7870,0.3333333333333333
7871,1.0
7872,1.0
7873,1.0
7875,1.0
7877,0.0
7881,0.6666666666666666
7882,0.6666666666666666
7883,1.0
7884,1.0
7885,1.0
7887,1.0
7888,1.0
7889,0.6666666666666666
7890,0.0
7892,0.3333333333333333
7893,0.3333333333333333
7895,0.6666666666666666
7896,0.0
7898,0.6666666666666666
7899,0.6666666666666666
7900,0.6666666666666666
7901,0.6666666666666666
7902,1.0
7903,1.0
7905,1.0
7906,1.0
7909,0.6666666666666666
7912,0.6666666666666666
7913,1.0
7914,1.0
7916,0.6666666666666666
7917,1.0
7918,0.3333333333333333
7919,1.0
7921,1.0
7922,0.6666666666666666
7923,0.3333333333333333
7924,0.6666666666666666
7925,0.3333333333333333
7927,1.0
7928,0.3333333333333333
7929,0.0
7931,0.6666666666666666
7932,0.0
7934,0.0
7935,0.6666666666666666
7936,0.3333333333333333
7937,0.6666666666666666
7939,0.0
7941,0.3333333333333333
7942,0.6666666666666666
7943,0.0
7945,0.3333333333333333
7947,0.6666666666666666
7948,0.3333333333333333
7949,0.3333333333333333
7950,0.6666666666666666
7951,0.6666666666666666
7952,1.0
7954,0.0
7955,1.0
7957,0.3333333333333333
7958,1.0
7959,0.0
7960,1.0
7963,1.0
7965,1.0
7966,0.3333333333333333
7967,0.3333333333333333
7968,1.0
7971,0.6666666666666666
7972,1.0
7973,0.6666666666666666
7974,0.0
7975,0.3333333333333333
7976,0.6666666666666666
7977,0.6666666666666666
7978,0.3333333333333333
7979,0.3333333333333333
7980,0.6666666666666666
7981,1.0
7982,1.0
7983,1.0
7984,0.6666666666666666
7986,1.0
7988,1.0
7989,1.0
7990,1.0
7991,1.0
7992,1.0
7993,1.0
7994,1.0
7995,1.0
7997,1.0
7999,1.0
8000,1.0
8001,0.6666666666666666
8002,1.0
8004,0.6666666666666666
8005,0.6666666666666666
8007,1.0
8008,1.0
8009,1.0
8010,0.0
8011,0.6666666666666666
8012,1.0
8013,0.6666666666666666
8014,0.6666666666666666
8015,1.0
8016,1.0
8017,1.0
8019,1.0
8021,1.0
8022,0.6666666666666666
8023,0.6666666666666666
8024,0.3333333333333333
8025,0.6666666666666666
8027,0.6666666666666666
8028,0.0
8029,0.6666666666666666
8030,0.6666666666666666
8031,0.6666666666666666
8032,0.0
8033,0.3333333333333333
8034,1.0
8035,1.0
8036,1.0
8037,0.3333333333333333
8038,1.0
8039,1.0
8040,0.6666666666666666
8041,1.0
8042,1.0
8043,1.0
8044,0.6666666666666666
8045,1.0
8049,0.0
8050,0.0
8051,0.3333333333333333
8052,0.6666666666666666
8055,0.3333333333333333
8056,0.3333333333333333
8057,0.6666666666666666
8058,0.0
8059,0.3333333333333333
8060,0.6666666666666666
8061,0.6666666666666666
8062,1.0
8063,0.6666666666666666
8064,0.0
8065,0.0
8066,0.0
8068,1.0
8069,0.3333333333333333
8070,0.0
8071,0.0
8073,0.6666666666666666
8074,1.0
8077,0.0
8078,0.0
8079,0.0
8080,0.0
8081,0.3333333333333333
8082,0.6666666666666666
8083,0.0
8084,0.3333333333333333
8085,0.3333333333333333
8086,0.0
8087,0.3333333333333333
8090,0.3333333333333333
8091,0.6666666666666666
8092,0.3333333333333333
8093,0.6666666666666666
8094,0.6666666666666666
8095,0.6666666666666666
8098,0.3333333333333333
8099,0.0
8100,1.0
8101,0.0
8102,0.0
8103,0.0
8104,0.0
8105,0.0
8106,0.6666666666666666
8107,0.6666666666666666
8108,1.0
8111,0.0
8112,0.6666666666666666
8114,1.0
8115,0.3333333333333333
8116,0.6666666666666666
8117,0.0
8118,0.6666666666666666
8119,0.3333333333333333
8120,0.3333333333333333
8121,0.3333333333333333
8122,0.0
8123,0.3333333333333333
8124,0.6666666666666666
8125,1.0
8126,0.3333333333333333
8127,0.3333333333333333
8128,1.0
8129,0.3333333333333333
8130,0.0
8132,0.0
8133,0.0
8134,0.3333333333333333
8135,0.0
8136,0.3333333333333333
8137,0.3333333333333333
8139,1.0
8141,1.0
8142,1.0
8143,0.0
8144,0.0
8146,0.6666666666666666
8147,0.6666666666666666
8148,1.0
8149,0.3333333333333333
8150,0.6666666666666666
8151,1.0
8152,1.0
8153,1.0
8155,0.3333333333333333
8156,0.3333333333333333
8157,0.6666666666666666
8158,0.3333333333333333
8161,1.0
8164,1.0
8165,0.6666666666666666
8166,0.6666666666666666
8167,0.3333333333333333
8168,0.6666666666666666
8170,0.3333333333333333
8172,0.3333333333333333
8173,1.0
8174,1.0
8175,1.0
8177,0.6666666666666666
8179,0.6666666666666666
8180,0.6666666666666666
8181,0.6666666666666666
8182,0.6666666666666666
8184,1.0
8186,1.0
8187,1.0
8189,0.6666666666666666
8190,0.3333333333333333
8191,0.6666666666666666
8192,0.3333333333333333
8193,0.3333333333333333
8194,0.0
8195,0.3333333333333333
8197,0.6666666666666666
8198,0.3333333333333333
8199,0.3333333333333333
8200,0.6666666666666666
8201,0.3333333333333333
8202,0.3333333333333333
8204,0.3333333333333333
8205,0.0
8206,1.0
8207,1.0
8208,0.3333333333333333
8209,0.6666666666666666
8210,0.3333333333333333
8211,0.0
8212,0.0
8214,0.6666666666666666
8215,0.6666666666666666
8217,0.3333333333333333
8218,0.3333333333333333
8219,0.0
8220,0.0
8221,0.6666666666666666
8222,0.3333333333333333
8223,0.6666666666666666
8224,0.3333333333333333
8225,0.3333333333333333
8226,0.6666666666666666
8227,0.0
8230,0.0
8231,0.0
8233,0.3333333333333333
8235,0.3333333333333333
8236,0.3333333333333333
8237,0.6666666666666666
8239,0.6666666666666666
8240,0.6666666666666666
8241,0.6666666666666666
8242,0.0
8243,0.6666666666666666
8244,0.3333333333333333
8245,0.6666666666666666
8246,0.3333333333333333
8247,1.0
8249,0.3333333333333333
8250,0.0
8251,0.6666666666666666
8252,1.0
8254,0.0
8255,0.3333333333333333
8256,0.6666666666666666
8257,1.0
8258,0.0
8259,0.0
8260,0.0
8261,1.0
8262,0.6666666666666666
8263,0.6666666666666666
8264,0.3333333333333333
8265,0.6666666666666666
8266,0.0
8267,0.3333333333333333
8271,0.0
8272,0.6666666666666666
8273,1.0
8274,0.6666666666666666
8275,1.0
8277,1.0
8278,1.0
8279,1.0
8280,1.0
8281,1.0
8282,1.0
8283,1.0
8284,1.0
8285,1.0
8286,0.6666666666666666
8287,1.0
8288,0.3333333333333333
8289,0.0
8290,0.3333333333333333
8291,0.3333333333333333
8292,0.6666666666666666
8293,0.0
8295,0.6666666666666666
8296,0.6666666666666666
8297,1.0
8298,0.0
8299,0.0
8300,0.0
8302,0.0
8303,0.6666666666666666
8304,0.0
8305,0.0
8306,0.0
8308,0.0
8309,0.6666666666666666
8310,0.0
8311,0.3333333333333333
8312,0.3333333333333333
8313,1.0
8315,0.6666666666666666
8316,1.0
8317,0.6666666666666666
8318,0.6666666666666666
8319,1.0
8320,0.0
8321,0.0
8322,0.0
8323,0.0
8324,0.6666666666666666
8326,0.6666666666666666
8329,0.3333333333333333
8330,0.0
8331,0.0
8332,0.0
8333,0.3333333333333333
8334,0.3333333333333333
8335,0.0
8336,0.0
8337,0.3333333333333333
8340,0.3333333333333333
8342,0.0
8343,0.0
8344,0.0
8345,0.0
8346,0.0
8349,0.0
8350,0.0
8351,0.0
8353,0.0
8354,0.0
8355,0.3333333333333333
8358,0.0
8359,0.0
8360,1.0
8362,0.0
8363,0.0
8364,0.0
8366,0.0
8367,0.6666666666666666
8368,0.3333333333333333
8370,0.0
8371,0.0
8372,0.0
8374,0.0
8375,0.6666666666666666
8376,0.3333333333333333
8377,0.3333333333333333
8378,0.3333333333333333
8379,0.6666666666666666
8380,0.3333333333333333
8382,0.0
8383,0.6666666666666666
8384,0.3333333333333333
8385,0.6666666666666666
8386,0.3333333333333333
8387,0.0
8388,1.0
8389,0.6666666666666666
8392,0.3333333333333333
8394,0.0
8396,0.3333333333333333
8397,1.0
8398,1.0
8399,1.0
8401,0.3333333333333333
8402,1.0
8404,0.6666666666666666
8405,1.0
8406,0.6666666666666666
8407,0.6666666666666666
8408,0.0
8410,0.3333333333333333
8411,0.6666666666666666
8414,0.0
8415,0.0
8416,0.6666666666666666
8417,1.0
8418,1.0
8419,1.0
8420,0.6666666666666666
8421,1.0
8422,0.0
8423,0.0
8424,0.0
8425,0.0
8426,0.0
8427,0.0
8428,0.0
8430,1.0
8431,1.0
8432,1.0
8436,1.0
8437,1.0
8438,0.0
8440,0.0
8441,0.3333333333333333
8442,0.0
8443,0.0
8444,0.6666666666666666
8446,0.3333333333333333
8448,0.0
8449,0.3333333333333333
8450,0.3333333333333333
8451,0.3333333333333333
8452,0.3333333333333333
8453,0.0
8455,0.6666666666666666
8456,1.0
8457,0.3333333333333333
8458,0.3333333333333333
8459,0.3333333333333333
8460,0.3333333333333333
8461,0.3333333333333333
8462,0.3333333333333333
8463,0.3333333333333333
8464,0.0
8467,0.6666666666666666
8469,0.0
8470,0.0
8471,0.0
8472,0.3333333333333333
8473,0.3333333333333333
8474,0.0
8475,0.0
8476,0.6666666666666666
8477,0.6666666666666666
8478,0.3333333333333333
8480,0.6666666666666666
8482,0.6666666666666666
8483,0.3333333333333333
8484,0.0
8486,1.0
8487,0.3333333333333333
8488,0.0
8490,0.3333333333333333
8491,0.3333333333333333
8493,0.0
8494,0.0
8495,0.0
8496,1.0
8498,0.3333333333333333
8499,0.6666666666666666
8500,0.3333333333333333
8501,0.0
8502,0.0
8503,0.3333333333333333
8504,0.6666666666666666
8506,0.3333333333333333
8508,0.6666666666666666
8510,1.0
8511,0.3333333333333333
8512,0.0
8513,0.0
8514,0.3333333333333333
8515,0.6666666666666666
8516,0.6666666666666666
8518,0.0
8519,0.3333333333333333
8520,0.6666666666666666
8521,0.3333333333333333
8522,0.0
8523,0.0
8524,0.6666666666666666
8525,0.0
8526,0.6666666666666666
8528,1.0
8531,0.0
8532,1.0
8533,0.6666666666666666
8534,0.6666666666666666
8535,0.3333333333333333
8537,0.0
8538,1.0
8539,0.6666666666666666
8540,0.6666666666666666
8541,0.6666666666666666
8542,0.6666666666666666
8543,0.6666666666666666
8544,0.3333333333333333
8545,0.3333333333333333
8547,0.0
8548,0.3333333333333333
8549,0.3333333333333333
8551,0.0
8552,0.3333333333333333
8553,0.0
8555,0.0
8556,0.0
8557,0.6666666666666666
8559,0.0
8560,0.0
8561,0.6666666666666666
8562,0.6666666666666666
8563,0.3333333333333333
8564,0.6666666666666666
8566,0.0
8569,1.0
8570,0.6666666666666666
8571,0.3333333333333333
8572,1.0
8573,1.0
8575,1.0
8576,1.0
8577,1.0
8578,1.0
8579,1.0
8580,1.0
8581,0.0
8582,0.0
8583,0.6666666666666666
8584,0.3333333333333333
8585,1.0
8586,0.6666666666666666
8587,0.3333333333333333
8588,1.0
8589,0.3333333333333333
8591,1.0
8592,1.0
8593,1.0
8595,1.0
8596,1.0
8597,1.0
8598,1.0
8599,1.0
8600,1.0
8601,0.6666666666666666
8602,0.6666666666666666
8603,1.0
8605,1.0
8606,0.0
8607,0.0
8608,0.0
8610,1.0
8611,1.0
8612,0.3333333333333333
8613,0.0
8615,0.0
8618,1.0
8619,1.0
8621,0.0
8622,0.0
8623,0.3333333333333333
8624,0.6666666666666666
8626,0.6666666666666666
8627,0.6666666666666666
8629,0.0
8630,0.3333333333333333
8631,0.3333333333333333
8632,0.3333333333333333
8633,0.6666666666666666
8634,0.0
8635,0.0
8636,0.0
8637,0.0
8638,0.0
8639,0.0
8640,0.0
8641,0.0
8642,0.0
8643,0.0
8645,1.0
8646,1.0
8648,1.0
8651,1.0
8652,1.0
8653,1.0
8654,1.0
8655,0.0
8656,0.3333333333333333
8658,1.0
8660,0.0
8661,0.3333333333333333
8662,0.3333333333333333
8663,0.3333333333333333
8664,0.0
8665,0.3333333333333333
8666,0.3333333333333333
8667,0.0
8668,0.3333333333333333
8670,0.6666666666666666
8671,0.6666666666666666
8672,0.6666666666666666
8673,0.6666666666666666
8674,0.6666666666666666
8676,0.0
8678,0.0
8679,0.3333333333333333
8680,0.0
8681,0.6666666666666666
8682,0.0
8683,0.3333333333333333
8684,0.0
8685,0.3333333333333333
8687,0.0
8688,0.0
8689,0.0
8690,0.0
8691,0.0
8692,0.0
8693,0.0
8694,0.3333333333333333
8695,0.6666666666666666
8696,0.0
8697,0.0
8698,0.0
8700,0.3333333333333333
8703,0.0
8704,0.0
8707,0.3333333333333333
8708,0.6666666666666666
8709,0.6666666666666666
8710,0.0
8711,0.3333333333333333
8712,0.6666666666666666
8713,0.6666666666666666
8714,1.0
8715,1.0
8716,1.0
8717,0.3333333333333333
8718,0.6666666666666666
8720,0.3333333333333333
8721,0.3333333333333333
8722,0.6666666666666666
8723,0.6666666666666666
8724,0.6666666666666666
8726,0.3333333333333333
8727,0.6666666666666666
8728,0.6666666666666666
8729,0.6666666666666666
8730,0.6666666666666666
8731,0.3333333333333333
8732,0.3333333333333333
8735,1.0
8736,1.0
8737,1.0
8738,1.0
8744,0.3333333333333333
8745,0.3333333333333333
8746,0.0
8747,0.0
8748,0.3333333333333333
8749,0.3333333333333333
8750,0.3333333333333333
8751,0.3333333333333333
8753,0.6666666666666666
8754,1.0
8755,1.0
8759,0.6666666666666666
8760,0.6666666666666666
8761,0.6666666666666666
8763,0.6666666666666666
8764,1.0
8765,0.6666666666666666
8766,0.3333333333333333
8767,0.6666666666666666
8768,0.3333333333333333
8769,0.6666666666666666
8770,0.3333333333333333
8771,0.6666666666666666
8773,0.3333333333333333
8774,0.6666666666666666
8775,0.6666666666666666
8777,0.6666666666666666
8778,0.0
8779,0.3333333333333333
8780,0.6666666666666666
8781,0.3333333333333333
8782,0.3333333333333333
8784,0.6666666666666666
8786,0.6666666666666666
8787,1.0
8788,0.0
8789,0.0
8790,0.3333333333333333
8791,0.3333333333333333
8792,0.3333333333333333
8793,0.0
8794,0.3333333333333333
8795,0.0
8796,0.0
8797,0.0
8798,0.0
8799,0.0
8800,0.0
8802,0.3333333333333333
8803,1.0
8805,1.0
8807,1.0
8808,1.0
8809,1.0
8810,1.0
8811,1.0
8814,1.0
8816,1.0
8817,0.3333333333333333
8818,0.3333333333333333
8819,0.6666666666666666
8821,1.0
8822,0.6666666666666666
8823,1.0
8824,0.6666666666666666
8825,0.6666666666666666
8826,0.6666666666666666
8827,1.0
8828,0.3333333333333333
8829,0.3333333333333333
8831,0.6666666666666666
8832,1.0
8833,1.0
8834,1.0
8835,0.6666666666666666
8836,1.0
8837,0.3333333333333333
8838,1.0
8843,1.0
8844,0.3333333333333333
8845,1.0
8846,0.6666666666666666
8847,0.3333333333333333
8849,0.0
8850,1.0
8851,0.0
8852,0.3333333333333333
8853,1.0
8854,0.6666666666666666
8855,0.3333333333333333
8856,0.3333333333333333
8858,0.3333333333333333
8859,0.0
8860,0.0
8861,0.3333333333333333
8862,1.0
8863,0.6666666666666666
8864,0.0
8866,0.3333333333333333
8868,0.0
8869,0.0
8870,0.3333333333333333
8872,0.3333333333333333
8874,1.0
8875,0.3333333333333333
8876,0.3333333333333333
8879,0.6666666666666666
8880,0.0
8881,1.0
8882,0.6666666666666666
8883,1.0
8884,0.3333333333333333
8886,0.6666666666666666
8887,0.3333333333333333
8888,0.6666666666666666
8889,1.0
8890,0.6666666666666666
8891,0.6666666666666666
8892,0.6666666666666666
8893,0.3333333333333333
8897,0.6666666666666666
8898,1.0
8899,1.0
8900,0.3333333333333333
8901,0.0
8902,0.3333333333333333
8903,1.0
8905,0.6666666666666666
8906,1.0
8907,1.0
8908,1.0
8909,0.3333333333333333
8911,0.0
8912,0.0
8913,0.6666666666666666
8914,1.0
8915,1.0
8916,0.0
8917,0.0
8918,0.0
8919,1.0
8920,0.0
8921,0.3333333333333333
8922,0.6666666666666666
8923,0.3333333333333333
8924,0.6666666666666666
8925,0.6666666666666666
8926,1.0
8927,0.3333333333333333
8928,0.6666666666666666
8929,0.0
8930,0.6666666666666666
8931,0.3333333333333333
8932,0.3333333333333333
8934,0.6666666666666666
8937,1.0
8938,0.3333333333333333
8939,0.3333333333333333
8942,0.6666666666666666
8943,0.3333333333333333
8944,0.3333333333333333
8947,0.0
8948,0.0
8949,0.0
8950,0.0
8952,0.3333333333333333
8953,0.3333333333333333
8954,0.6666666666666666
8955,0.6666666666666666
8956,0.0
8958,0.3333333333333333
8959,0.3333333333333333
8960,0.0
8961,0.0
8962,0.0
8963,1.0
8965,0.3333333333333333
8966,0.3333333333333333
8967,0.6666666666666666
8968,1.0
8970,0.3333333333333333
8971,0.3333333333333333
8973,0.3333333333333333
8974,0.6666666666666666
8975,0.6666666666666666
8976,0.6666666666666666
8977,0.6666666666666666
8978,0.0
8980,0.6666666666666666
8982,0.6666666666666666
8984,0.3333333333333333
8985,0.6666666666666666
8987,0.6666666666666666
8988,0.0
8989,0.0
8991,0.0
8992,0.0
8993,0.0
8995,0.3333333333333333
8996,0.0
8997,0.3333333333333333
8998,0.6666666666666666
8999,0.3333333333333333
9000,0.0
9001,1.0
9002,1.0
9004,1.0
9005,1.0
9006,0.3333333333333333
9007,0.0
9008,0.3333333333333333
9009,0.0
9010,1.0
9011,1.0
9012,0.3333333333333333
9014,0.0
9015,0.0
9016,0.6666666666666666
9017,0.3333333333333333
9018,0.0
9019,0.0
9020,0.0
9021,0.3333333333333333
9024,0.3333333333333333
9025,0.0
9026,0.0
9027,0.0
9028,0.0
9029,0.0
9030,0.0
9031,1.0
9032,0.6666666666666666
9034,0.3333333333333333
9035,0.3333333333333333
9036,0.0
9037,1.0
9038,0.0
9039,0.0
9041,0.3333333333333333
9043,0.6666666666666666
9044,0.0
9045,0.3333333333333333
9046,0.0
9047,0.3333333333333333
9048,0.3333333333333333
9049,0.0
9050,0.6666666666666666
9051,0.0
9052,0.3333333333333333
9053,0.6666666666666666
9054,0.0
9055,1.0
9059,1.0
9060,0.0
9061,0.0
9062,0.0
9063,0.0
9064,0.0
9065,0.0
9067,0.3333333333333333
9069,1.0
9070,0.0
9071,0.0
9073,0.3333333333333333
9074,0.3333333333333333
9076,0.0
9079,0.0
9081,0.3333333333333333
9086,0.0
9087,0.0
9088,0.3333333333333333
9090,0.3333333333333333
9091,0.3333333333333333
9092,0.3333333333333333
9093,0.3333333333333333
9094,0.0
9095,0.0
9096,0.3333333333333333
9097,0.3333333333333333
9099,0.3333333333333333
9100,0.3333333333333333
9101,0.6666666666666666
9102,0.0
9103,0.0
9104,0.0
9106,0.0
9107,0.0
9108,0.0
9110,0.0
9111,0.3333333333333333
9112,0.3333333333333333
9113,0.0
9114,0.0
9115,0.0
9116,0.0
9118,0.0
9121,0.0
9122,0.0
9123,0.0
9125,0.0
9128,0.6666666666666666
9129,0.6666666666666666
9132,0.3333333333333333
9133,0.0
9137,0.3333333333333333
9138,0.0
9139,0.6666666666666666
9140,0.0
9141,0.3333333333333333
9142,0.0
9143,0.6666666666666666
9144,0.0
9145,0.0
9146,0.0
9148,0.0
9149,0.0
9150,0.0
9151,0.0
9152,0.3333333333333333
9153,0.0
9154,0.3333333333333333
9155,0.0
9156,0.0
9157,0.0
9158,0.3333333333333333
9159,0.0
9160,0.3333333333333333
9162,0.6666666666666666
9163,0.0
9164,0.0
9165,0.6666666666666666
9166,1.0
9167,1.0
9168,0.0
9169,0.0
9170,0.0
9171,0.0
9173,0.0
9174,0.0
9175,0.0
9177,1.0
9179,0.3333333333333333
9180,0.0
9182,0.3333333333333333
9183,1.0
9184,0.3333333333333333
9185,1.0
9186,0.3333333333333333
9187,0.3333333333333333
9188,0.3333333333333333
9189,0.0
9191,0.3333333333333333
9192,0.6666666666666666
9193,0.6666666666666666
9194,0.3333333333333333
9195,0.3333333333333333
9196,0.0
9197,0.3333333333333333
9198,1.0
9199,0.3333333333333333
9200,0.0
9201,0.3333333333333333
9202,0.3333333333333333
9203,0.3333333333333333
9204,0.3333333333333333
9208,0.3333333333333333
9209,0.0
9210,0.0
9211,0.6666666666666666
9213,0.3333333333333333
9214,0.3333333333333333
9215,0.0
9216,0.0
9217,0.0
9218,0.6666666666666666
9220,0.6666666666666666
9221,0.6666666666666666
9227,0.6666666666666666
9229,0.6666666666666666
9230,0.6666666666666666
9231,0.6666666666666666
9232,0.3333333333333333
9233,0.0
9234,0.0
9235,0.3333333333333333
9236,0.0
9237,0.3333333333333333
9238,0.6666666666666666
9239,0.0
9240,0.3333333333333333
9242,0.6666666666666666
9243,0.0
9245,1.0
9246,0.6666666666666666
9248,1.0
9249,0.6666666666666666
9251,0.6666666666666666
9253,0.0
9254,0.6666666666666666
9255,0.0
9256,0.6666666666666666
9257,0.0
9258,0.0
9259,0.0
9261,0.0
9262,0.0
9263,0.0
9264,0.0
9266,0.6666666666666666
9267,1.0
9268,1.0
9269,1.0
9270,1.0
9271,0.0
9272,0.0
9273,1.0
9274,0.3333333333333333
9275,0.3333333333333333
9276,0.6666666666666666
9277,0.6666666666666666
9278,1.0
9280,0.0
9281,1.0
9282,1.0
9284,0.0
9285,0.0
9286,0.0
9287,0.0
9288,0.0
9289,0.0
9291,0.0
9292,0.0
9293,0.0
9294,0.0
9296,0.0
9297,0.0
9298,0.0
9299,0.3333333333333333
9300,0.3333333333333333
9301,0.0
9302,0.0
9303,0.0
9304,0.3333333333333333
9308,0.0
9309,0.0
9310,0.0
9311,0.6666666666666666
9313,0.0
9314,0.3333333333333333
9318,0.0
9320,0.0
9321,1.0
9322,0.0
9323,0.0
9324,0.3333333333333333
9326,1.0
9327,0.6666666666666666
9328,0.6666666666666666
9329,1.0
9330,0.3333333333333333
9332,0.3333333333333333
9334,0.6666666666666666
9335,0.0
9337,0.3333333333333333
9338,0.0
9339,1.0
9340,0.3333333333333333
9345,0.3333333333333333
9346,0.3333333333333333
9347,1.0
9348,0.6666666666666666
9349,0.6666666666666666
9350,1.0
9351,1.0
9352,0.3333333333333333
9353,0.3333333333333333
9354,0.6666666666666666
9355,1.0
9356,0.0
9358,1.0
9359,0.6666666666666666
9360,0.6666666666666666
9361,0.3333333333333333
9363,1.0
9364,0.6666666666666666
9365,0.3333333333333333
9366,0.3333333333333333
9367,0.0
9368,0.3333333333333333
9369,0.0
9370,0.3333333333333333
9372,0.6666666666666666
9373,1.0
9374,1.0
9376,0.6666666666666666
9377,1.0
9378,1.0
9379,1.0
9380,1.0
9382,0.0
9383,0.3333333333333333
9384,0.3333333333333333
9385,0.3333333333333333
9386,0.0
9387,0.3333333333333333
9388,0.3333333333333333
9389,0.3333333333333333
9390,0.3333333333333333
9391,0.3333333333333333
9392,0.0
9393,1.0
9394,0.0
9395,0.6666666666666666
9396,0.0
9397,0.0
9398,0.3333333333333333
9399,0.3333333333333333
9401,1.0
9402,0.0
9403,0.0
9404,0.0
9405,0.0
9406,0.0
9407,0.0
9408,0.0
9409,0.0
9411,0.0
9412,0.6666666666666666
9413,1.0
9414,1.0
9415,1.0
9416,1.0
9417,0.6666666666666666
9418,1.0
9420,0.6666666666666666
9421,1.0
9422,0.6666666666666666
9423,1.0
9426,0.6666666666666666
9428,0.3333333333333333
9431,0.3333333333333333
9432,0.3333333333333333
9434,1.0
9435,1.0
9437,1.0
9438,1.0
9439,0.6666666666666666
9440,0.6666666666666666
9441,0.6666666666666666
9442,0.0
9443,0.3333333333333333
9444,0.6666666666666666
9445,0.3333333333333333
9446,0.3333333333333333
9447,0.0
9448,0.3333333333333333
9449,0.0
9451,0.0
9452,0.0
9453,0.0
9454,0.0
9455,0.0
9456,0.0
9457,0.0
9458,0.0
9459,0.0
9460,0.0
9461,0.0
9462,0.3333333333333333
9463,0.6666666666666666
9464,1.0
9465,0.3333333333333333
9468,0.3333333333333333
9469,0.6666666666666666
9470,0.0
9471,0.3333333333333333
9472,0.3333333333333333
9473,0.0
9474,0.3333333333333333
9476,0.0
9477,0.0
9478,0.3333333333333333
9479,1.0
9480,1.0
9481,0.6666666666666666
9482,0.6666666666666666
9483,1.0
9484,1.0
9485,0.6666666666666666
9486,0.6666666666666666
9487,0.3333333333333333
9488,0.3333333333333333
9490,1.0
9491,1.0
9492,1.0
9493,0.6666666666666666
9494,1.0
9495,1.0
9496,1.0
9498,1.0
9500,1.0
9501,1.0
9502,1.0
9503,1.0
9504,1.0
9506,0.6666666666666666
9507,0.6666666666666666
9508,1.0
9510,0.6666666666666666
9511,0.6666666666666666
9512,1.0
9514,0.3333333333333333
9515,0.0
9516,0.3333333333333333
9517,0.3333333333333333
9518,0.6666666666666666
9520,0.0
9521,0.6666666666666666
9522,0.6666666666666666
9523,0.6666666666666666
9524,0.6666666666666666
9525,0.6666666666666666
9526,0.6666666666666666
9527,0.0
9528,0.0
9529,0.0
9530,0.6666666666666666
9531,1.0
9532,1.0
9533,1.0
9534,1.0
9535,1.0
9536,1.0
9537,0.6666666666666666
9538,0.3333333333333333
9539,0.6666666666666666
9540,0.3333333333333333
9541,0.0
9542,1.0
9543,0.6666666666666666
9544,0.6666666666666666
9545,0.6666666666666666
9546,1.0
9547,0.6666666666666666
9548,0.6666666666666666
9550,1.0
9551,0.6666666666666666
9554,0.6666666666666666
9555,0.3333333333333333
9556,0.0
9557,0.0
9558,0.3333333333333333
9559,0.0
9560,0.6666666666666666
9561,0.6666666666666666
9562,0.6666666666666666
9563,0.0
9564,1.0
9565,0.6666666666666666
9566,1.0
9568,1.0
9569,1.0
9570,1.0
9571,1.0
9572,1.0
9573,1.0
9574,0.6666666666666666
9575,0.3333333333333333
9576,0.0
9577,0.3333333333333333
9578,0.3333333333333333
9579,0.6666666666666666
9580,0.6666666666666666
9581,0.3333333333333333
9583,0.3333333333333333
9584,1.0
9586,1.0
9588,0.6666666666666666
9589,0.6666666666666666
9591,0.3333333333333333
9593,0.3333333333333333
9594,0.6666666666666666
9598,0.3333333333333333
9599,0.6666666666666666
9600,0.3333333333333333
9601,0.3333333333333333
9603,0.3333333333333333
9604,0.0
9605,0.6666666666666666
9606,0.6666666666666666
9607,0.3333333333333333
9608,0.6666666666666666
9609,0.6666666666666666
9611,0.6666666666666666
9612,0.3333333333333333
9613,0.6666666666666666
9614,0.6666666666666666
9615,0.0
9616,0.3333333333333333
9618,0.0
9619,0.0
9620,0.0
9621,0.0
9622,0.0
9623,0.3333333333333333
9624,1.0
9625,0.3333333333333333
9626,1.0
9627,0.6666666666666666
9628,0.3333333333333333
9629,0.0
9630,0.6666666666666666
9631,0.3333333333333333
9632,0.0
9634,0.6666666666666666
9635,0.3333333333333333
9636,0.3333333333333333
9638,0.0
9639,0.0
9640,0.3333333333333333
9642,0.0
9643,0.0
9644,0.3333333333333333
9645,1.0
9646,0.0
9647,0.3333333333333333
9648,0.0
9650,0.0
9652,0.0
9654,0.0
9655,0.6666666666666666
9656,1.0
9657,0.3333333333333333
9658,0.3333333333333333
9659,0.6666666666666666
9662,0.0
9663,1.0
9664,1.0
9665,1.0
9666,1.0
9669,1.0
9670,0.3333333333333333
9671,0.6666666666666666
9672,0.6666666666666666
9674,0.0
9675,0.0
9677,0.3333333333333333
9678,0.6666666666666666
9679,1.0
9680,0.0
9681,0.3333333333333333
9683,1.0
9684,1.0
9685,0.6666666666666666
9686,0.6666666666666666
9687,0.6666666666666666
9688,0.6666666666666666
9690,0.3333333333333333
9691,0.0
9692,0.0
9693,0.0
9694,0.0
9695,0.0
9696,0.3333333333333333
9697,0.3333333333333333
9698,0.6666666666666666
9699,1.0
9700,1.0
9702,0.6666666666666666
9703,0.6666666666666666
9704,1.0
9705,1.0
9709,0.0
9710,0.3333333333333333
9711,1.0
9712,0.0
9713,0.6666666666666666
9714,0.6666666666666666
9717,0.0
9718,1.0
9720,1.0
9721,1.0
9722,1.0
9724,1.0
9725,1.0
9726,1.0
9727,0.6666666666666666
9729,1.0
9730,0.6666666666666666
9731,0.3333333333333333
9732,0.6666666666666666
9734,0.6666666666666666
9736,0.6666666666666666
9737,1.0
9739,0.6666666666666666
9742,1.0
9743,0.6666666666666666
9745,1.0
9746,1.0
9747,1.0
9748,1.0
9749,0.6666666666666666
9750,0.6666666666666666
9751,0.6666666666666666
9753,0.6666666666666666
9754,1.0
9755,0.6666666666666666
9756,0.6666666666666666
9757,0.6666666666666666
9758,0.3333333333333333
9761,0.3333333333333333
9762,0.3333333333333333
9764,1.0
9765,0.3333333333333333
9766,1.0
9767,1.0
9768,1.0
9769,1.0
9770,1.0
9771,0.6666666666666666
9772,0.6666666666666666
9773,1.0
9774,0.0
9777,0.0
9778,0.0
9779,0.0
9780,0.0
9782,0.0
9783,0.0
9784,0.0
9785,0.3333333333333333
9786,0.0
9787,0.0
9789,0.0
9790,0.0
9791,0.0
9792,0.0
9793,0.3333333333333333
9794,0.0
9795,0.0
9796,0.0
9798,0.3333333333333333
9799,0.0
9800,0.6666666666666666
9802,1.0
9803,1.0
9804,1.0
9805,1.0
9806,1.0
9808,1.0
9809,1.0
9810,1.0
9811,1.0
9812,0.3333333333333333
9814,0.0
9817,0.3333333333333333
9818,0.3333333333333333
9819,0.6666666666666666
9820,1.0
9821,0.6666666666666666
9822,0.6666666666666666
9823,1.0
9824,1.0
9825,1.0
9826,0.3333333333333333
9827,0.0
9828,0.0
9829,0.3333333333333333
9830,1.0
9831,0.0
9832,1.0
9833,0.3333333333333333
9834,1.0
9836,0.6666666666666666
9837,0.6666666666666666
9839,0.3333333333333333
9840,0.3333333333333333
9841,0.0
9842,0.0
9843,0.0
9844,0.0
9845,0.0
9847,0.0
9851,0.3333333333333333
9852,0.3333333333333333
9854,0.3333333333333333
9855,0.0
9856,0.0
9857,0.0
9858,0.0
9859,0.0
9860,0.6666666666666666
9861,0.3333333333333333
9862,0.6666666666666666
9863,0.0
9864,0.3333333333333333
9865,0.0
9866,0.0
9867,1.0
9868,0.6666666666666666
9869,0.3333333333333333
9870,0.0
9872,0.3333333333333333
9874,0.3333333333333333
9875,0.3333333333333333
9876,1.0
9877,1.0
9878,0.3333333333333333
9880,0.6666666666666666
9881,1.0
9883,0.6666666666666666
9884,0.0
9885,1.0
9886,0.0
9887,0.0
9888,0.3333333333333333
9889,0.3333333333333333
9891,0.6666666666666666
9892,0.0
9893,0.0
9894,0.0
9895,0.0
9896,0.3333333333333333
9898,0.3333333333333333
9899,1.0
9900,1.0
9901,0.0
9903,0.0
9904,0.0
9905,1.0
9906,1.0
9907,0.3333333333333333
9909,0.3333333333333333
9911,1.0
9912,1.0
9914,0.6666666666666666
9915,0.6666666666666666
9917,1.0
9918,0.3333333333333333
9919,1.0
9921,1.0
9922,1.0
9923,0.6666666666666666
9924,1.0
9925,0.0
9926,1.0
9927,0.6666666666666666
9928,1.0
9929,1.0
9930,0.0
9932,1.0
9933,0.3333333333333333
9934,1.0
9936,0.3333333333333333
9937,0.3333333333333333
9938,0.6666666666666666
9939,0.3333333333333333
9940,0.3333333333333333
9941,0.3333333333333333
9942,1.0
9943,1.0
9944,1.0
9945,1.0
9947,1.0
9948,1.0
9949,1.0
9950,1.0
9951,1.0
9953,1.0
9954,1.0
9956,0.3333333333333333
9958,0.0
9959,0.3333333333333333
9962,0.3333333333333333
9963,0.3333333333333333
9964,0.3333333333333333
9965,0.6666666666666666
9967,0.3333333333333333
9968,0.3333333333333333
9969,0.6666666666666666
9970,1.0
9971,0.3333333333333333
9972,0.3333333333333333
9973,0.6666666666666666
9974,1.0
9975,1.0
9976,1.0
9977,0.3333333333333333
9978,1.0
9979,1.0
9981,0.6666666666666666
9982,1.0
9983,0.3333333333333333
9984,0.3333333333333333
9985,1.0
9987,0.0
9989,0.0
9990,0.6666666666666666
9993,0.0
9994,0.0
9995,0.6666666666666666
9996,0.3333333333333333
9997,0.6666666666666666
9998,1.0
10001,1.0
10002,1.0
10004,1.0
10005,1.0
10007,0.6666666666666666
10008,0.6666666666666666
10010,0.6666666666666666
10011,0.3333333333333333
10012,0.6666666666666666
10013,0.3333333333333333
10014,0.3333333333333333
10016,0.3333333333333333
10017,0.0
10019,0.6666666666666666
10020,1.0
10021,0.6666666666666666
10022,0.3333333333333333
10023,0.6666666666666666
10024,1.0
10025,1.0
10026,1.0
10027,0.6666666666666666
10028,0.3333333333333333
10029,0.3333333333333333
10030,0.3333333333333333
10031,0.0
10033,1.0
10034,1.0
