0,0.7482897542259811
1,0.5198186151637199
2,0.49417928777568326
3,0.5558832661115427
5,0.5385973386627722
6,0.49012798185362483
7,0.257746182124952
8,0.403072884155166
10,0.5959844530763597
11,0.41969679446524116
12,0.6725922102980184
14,0.5417795620897768
15,0.35680651147557946
16,0.5959215185221178
17,0.5417795620897768
19,0.6019050289104301
20,0.5618707469828118
21,0.5539315065451499
22,0.5204841553518031
23,0.5626266272253845
24,0.3781326325076522
25,0.625080629018438
26,0.6143322932719866
29,0.4437977922044856
31,0.4390781428428638
32,0.3250889498605364
33,0.4325841896755578
34,0.36313622713536664
35,0.5874356434219049
36,0.6142094937356073
39,0.512955365256936
40,0.45947117872275256
41,0.45901308167079646
42,0.5996779043045348
44,0.5991359854160476
45,0.44937474087383755
46,0.31756746679831
47,0.3191491176540637
48,0.4918339299903249
49,0.4563147935539903
50,0.3010194426929569
51,0.5564681902502566
54,0.5459151259149692
55,0.6189085364100781
57,0.3987187564673374
59,0.3335055893147482
60,0.4721109534433283
62,0.4859268752492835
64,0.6012423878418167
65,0.39647518186016223
66,0.3617224891764426
67,0.21228357478866736
68,0.45970055515518404
71,0.2746097248591747
73,0.6383849103147567
74,0.43455724641184884
75,0.4062909588653439
76,0.4606832961856492
77,0.7221907617505611
78,0.5342689045000742
80,0.39708269035248955
82,0.47146043883939504
83,0.5828375214532938
84,0.46499015735959376
86,0.24382740781755405
87,0.39462857651284633
88,0.662071345567483
90,0.5597930479422212
91,0.5776151180925266
92,0.5973289471451673
93,0.6330462633632987
94,0.5588294074119059
95,0.6005230894977925
96,0.5922116666218098
97,0.6246125344339202
98,0.5745875551685226
99,0.6026859832045225
100,0.8105621288632527
101,0.4962897685090599
102,0.6324586822422784
103,0.6421727388481079
104,0.6481574370826995
105,0.6421727388481079
106,0.7454003226892375
107,0.6196910792202979
108,0.5539332407522536
109,0.5173611015458217
110,0.4429318491696793
111,0.5209098891786533
112,0.5374775670342476
113,0.506335059957416
114,0.35511115547848093
115,0.5889696823347562
116,0.5468780511912098
118,0.4516848650392217
119,0.526726656866975
121,0.6856351220597628
122,0.6153367466555447
123,0.5655232382848381
124,0.5163087144642048
125,0.4447389680655801
126,0.4322844244893701
127,0.46664343835322925
128,0.5065378813271999
131,0.3563341667002799
132,0.49377280276989355
134,0.2964008447593312
135,0.2652339190101343
137,0.32903275151931327
138,0.7415830411645822
139,0.5166757222036514
140,0.4729618232726491
141,0.6515210447196443
142,0.63751439025002
143,0.4108307160486369
144,0.39175362355780613
145,0.4108307160486369
146,0.4518143886633162
147,0.387951427613088
148,0.45916400397253726
150,0.6922594443344429
151,0.4215268033150922
152,0.4676073568491826
153,0.38985861907057195
154,0.4788227941990542
155,0.49752867540930623
156,0.4205404183194421
157,0.42410555060341365
158,0.4697015030520295
159,0.4740425416481092
160,0.4116974798195144
164,0.4788505705551797
165,0.4104139947777153
166,0.4172717498470733
168,0.5225157114675516
169,0.2542522236994458
170,0.49535635264374556
171,0.4317125793398868
172,0.37814389701863244
174,0.2287735462891256
175,0.20953225248835317
176,0.21761600959840155
177,0.2372411006654779
178,0.13985442450997562
179,0.20953225248835317
180,0.3432271376836306
181,0.564426876523292
182,0.3781571728976433
183,0.4767512501977536
184,0.46143317502346864
185,0.44978973994219124
186,0.2764879858798866
187,0.3604216970686075
188,0.6684807662406725
189,0.7508459328691584
190,0.694203851885748
191,0.694203851885748
192,0.694203851885748
193,0.7088335259725314
194,0.41579032536127897
195,0.6012179222652163
196,0.6071134261700734
197,0.6277329476784734
198,0.2690101388804318
199,0.6797398953211854
200,0.5376582428990268
201,0.5554753440342376
202,0.4777133133733337
203,0.2259027621057903
204,0.3872736907240213
206,0.4193105615265088
207,0.4502786036660558
208,0.36092720973378495
209,0.3786021807947161
210,0.6702029901046915
211,0.7690293675060063
212,0.43546708948876195
214,0.5480471265509116
215,0.5458516537123849
217,0.5615990502935897
218,0.5433418234154817
219,0.3429089962237484
220,0.478169118368005
221,0.209373341185368
222,0.38304144039845706
223,0.32129975233851693
224,0.3784675815168498
225,0.35834807386770756
226,0.3801567269793485
227,0.3957713799255427
228,0.41346829722091044
229,0.3284070602582
230,0.4898026281166208
231,0.326201690774592
232,0.3141363872743807
234,0.39553227223909293
235,0.3529604405467182
236,0.39357478476044155
237,0.39553227223909293
238,0.40671829207920857
239,0.48633039551053847
241,0.4335767092737542
242,0.6934331522000976
243,0.581323175879903
244,0.7641045519544334
245,0.7319668655696083
246,0.5582750386052063
247,0.3765419386411361
248,0.4731613834051976
249,0.661131324601561
250,0.3081899498721686
252,0.4141325116188851
253,0.7486894258031377
254,0.6696509001067565
255,0.6150431288146281
256,0.7296209784890343
257,0.6488752931908888
258,0.6339905127021815
260,0.6078996590626922
262,0.5447060416326133
265,0.507043629819142
266,0.2946988147383705
267,0.5688770662478061
268,0.49413553184829284
269,0.5987281824914812
270,0.5490928411786689
272,0.40015125083675734
273,0.4103731772524456
274,0.18829826370686029
275,0.20668320576735086
276,0.33829124244386666
277,0.4533224292098108
278,0.4533224292098108
279,0.36580419124104785
280,0.3925471299509236
281,0.35358874353620107
283,0.34640245956340404
284,0.7546541653714872
285,0.6081506022901838
286,0.23295774486887244
287,0.2434360290007246
288,0.31704912551455244
289,0.2773834226422129
290,0.5448550467672213
291,0.35391213275876077
292,0.39881755646729833
293,0.3620000224556718
295,0.4278296555308061
296,0.5389368625750682
297,0.4966190691289275
298,0.3457028430034126
299,0.5359197391137033
300,0.3609773024187639
301,0.6251239801788273
302,0.39830370962789924
303,0.5820324792563091
304,0.5464478961933186
306,0.3694102716767554
308,0.5089887821398529
309,0.42145696396176147
310,0.36087749309272577
311,0.3081311210701968
312,0.4698036818561249
313,0.622854712562643
314,0.5869553946920595
315,0.6359873570658111
316,0.6928462207802702
319,0.5811676601085005
320,0.5483734562583692
321,0.5576689010959638
322,0.5869553946920595
323,0.6363855179404055
324,0.5785171433333592
326,0.5307219867915014
327,0.31178877242895
328,0.416787739567638
329,0.4868246028041576
331,0.3781571728976433
332,0.5857607329597315
333,0.30642290825817675
336,0.7067746710881451
337,0.4167188976378141
338,0.3336073060701039
339,0.2523618793956233
340,0.6782707348332321
341,0.38963811210625543
342,0.21292448481015502
343,0.770306995666523
344,0.6662378857552141
346,0.6655098168478242
347,0.6794992331053654
348,0.6871645852172408
349,0.7100706877986942
351,0.7528020296635799
353,0.7156582697814423
354,0.506496988112708
355,0.5936478093418172
356,0.5517509849794978
357,0.6042981931250554
358,0.4573371251033871
359,0.4090760249627874
360,0.4503369951081821
361,0.5879730599342774
362,0.5866300836647137
363,0.4582253945724755
364,0.5866300836647137
365,0.5837269444466071
366,0.5837269444466071
368,0.4724689808622239
369,0.3824471839920312
370,0.33422866554972436
371,0.3136531910127632
373,0.26751425862070954
375,0.34554900700865404
376,0.34554900700865404
378,0.32430748884226906
379,0.33422866554972436
380,0.32251442046861833
382,0.3490059650404796
383,0.22020369622999045
384,0.4643917175553748
385,0.40407518442107526
386,0.3426878986921297
387,0.3352906618130917
388,0.6164809030625351
389,0.5673600893930535
390,0.41941332123910685
393,0.5163144781303274
394,0.31949871710447453
395,0.5628765488998955
396,0.621115895063125
398,0.2601325682685637
400,0.13644949459814049
401,0.1934687033620593
402,0.3724187431788645
403,0.47678960579139873
404,0.43620502358105245
405,0.3566291765267234
407,0.41397233041162945
410,0.5917179053428975
411,0.5511819214840648
412,0.5564891485304827
413,0.5564891485304827
415,0.5934590649291904
416,0.4579279314009516
418,0.29041433586988263
419,0.7018790277555553
420,0.7844959978812155
422,0.7379401960909486
423,0.7018790277555553
424,0.47614316979727256
426,0.395158646268784
427,0.41197686513335063
428,0.36410098237908944
429,0.40773315786041814
431,0.36410098237908944
432,0.3050588511186849
433,0.5651877187821176
434,0.572778625660979
435,0.6359243324043397
436,0.6395129809161427
440,0.5612779281588355
441,0.37132750930906444
442,0.31178877242895
443,0.5487291167408557
444,0.504727261020859
445,0.5319444151504062
446,0.24408007579010152
447,0.42170148699782295
450,0.23676762570771323
451,0.2453135308648718
452,0.2892390895421117
453,0.43833745749241776
455,0.5706248297620125
456,0.2827296822113989
457,0.2453135308648718
458,0.591039753293287
459,0.32572928815785374
460,0.31761872061416546
461,0.27997178498478253
463,0.5110693197183724
464,0.48628252225104907
465,0.7093125679893617
466,0.711927983992937
467,0.43453262419139166
469,0.5273101475868103
472,0.5092199747095265
473,0.3339900550894937
474,0.3339900550894937
475,0.41193149822819164
476,0.3755942609644222
477,0.4944587937087952
478,0.3377542926158818
479,0.6307223336740265
480,0.499954052819348
481,0.42137243478271835
482,0.48874821719983114
483,0.5214199252863051
484,0.5863183613787645
485,0.6814478375711416
486,0.4064630684897565
487,0.33399024558609447
488,0.40592603670973415
489,0.5073871909777352
490,0.24974066203862874
491,0.4318979309128321
492,0.522810706795153
494,0.469243348396176
495,0.44439213903177016
497,0.43512744383259844
498,0.19896202286291992
499,0.4586322830787896
500,0.4667969218252022
501,0.4238844233199826
502,0.3736697589531865
503,0.45831710452083024
504,0.6568769340801844
505,0.7729285658805628
506,0.3195667931293101
507,0.6261649456948032
508,0.5323184302617496
509,0.49548601377598667
511,0.22495785063222862
512,0.2782151155005004
513,0.2782151155005004
514,0.32559120801445934
515,0.22268170773120746
516,0.7145031355185324
517,0.5914815957768647
519,0.5113028174733352
521,0.6678153373336723
522,0.15366789620876523
523,0.4976208297527771
524,0.7217141983058534
525,0.46343274237317744
526,0.5400654921770339
527,0.5400654921770339
529,0.509916697757183
530,0.3790016259018105
531,0.5882216518423025
532,0.46237783461833226
533,0.46658652481639445
534,0.5410412962983421
535,0.5412260554819025
536,0.5325798971040626
538,0.5505940208253173
541,0.4176883663591675
542,0.31027196223658426
543,0.45629768249152153
544,0.5348681178043786
545,0.32410468350922905
546,0.4167188976378141
547,0.8275228187208721
549,0.4258301928498353
551,0.6181395172490586
552,0.5092672958786028
553,0.442300157368567
554,0.4256596468076978
555,0.5295335451358253
557,0.3785848244201787
558,0.5953803361587308
560,0.5604608240811663
561,0.4966369922130774
562,0.5936450334952315
563,0.593472909948331
565,0.2650278434650091
567,0.5056352800540386
568,0.5128451455422671
569,0.3947926316030256
570,0.6460689608209675
571,0.4584225192208681
572,0.7608391863992683
573,0.7608391863992683
576,0.41379407734650964
577,0.4737920198168471
578,0.6059159566368681
579,0.3318455616536031
581,0.38523795797066046
582,0.7222868090529883
583,0.16776554498734383
584,0.37006331204427073
587,0.601416659602953
588,0.597595244588413
589,0.4850320783644492
590,0.48010690545932067
591,0.3734898879373162
592,0.4076051311117823
594,0.6622909867877228
595,0.22425768825828948
597,0.8418874802400923
600,0.6286331526766313
601,0.5936478093418172
602,0.5234782145549806
603,0.4391886064441729
604,0.6271397782008112
605,0.6020587450086712
606,0.5082446562063898
608,0.7837595060684411
609,0.6528008601354708
610,0.5815208289782334
611,0.31467224076642875
612,0.521798045917164
614,0.5643070891018722
615,0.5575351843875864
616,0.7709188122393763
617,0.7461744654194234
618,0.5649547675008815
621,0.7061475208914265
622,0.6987054155750687
623,0.6227323719427104
624,0.6227323719427104
625,0.5951171308233489
627,0.613642674689956
628,0.528476188225519
629,0.5756886891503428
630,0.4933043583659634
631,0.5305721013109052
632,0.506271291775363
634,0.6633528489847652
636,0.6630364070614723
637,0.6261984510978402
639,0.4622529657880787
640,0.5632867692576063
641,0.45835664784247415
642,0.6729802846534919
643,0.5310758374777936
645,0.4014690836805823
646,0.25753147145797006
647,0.35960773664961787
648,0.3601648158097586
649,0.2353742986495387
650,0.2936681914951482
651,0.3184235726801846
652,0.3601648158097586
653,0.3479786631061143
654,0.3601648158097586
655,0.34154790625050546
657,0.30078279471371927
658,0.2854432652495969
659,0.2936681914951482
660,0.36222861737149886
661,0.33848423286343177
662,0.3601648158097586
663,0.5023677739926662
665,0.592177498007161
666,0.5153610274622741
669,0.7185958780695963
670,0.47850294369569246
671,0.5111645847998584
672,0.5453537095695893
673,0.516331035407975
674,0.6429572959073151
676,0.6419973987506407
677,0.699619995362116
679,0.559597834524794
680,0.46880078891028243
681,0.4553339132675047
682,0.5630513810640436
684,0.4584420017772235
687,0.5435724975456009
688,0.548155376927914
689,0.38257150485774605
691,0.4729747683651544
692,0.4729747683651544
693,0.5643572605086774
695,0.6632778584362516
696,0.6290598950044006
697,0.6977214984658685
698,0.5964720272033245
699,0.6176267017148026
700,0.4736755064392035
701,0.513870994476858
703,0.5993782685550908
704,0.5995664151467434
706,0.5333137448037809
707,0.5055160279955596
708,0.43943169145125544
709,0.5401092913251554
710,0.2125659833095722
711,0.13294331089722125
712,0.13986247180530614
713,0.21656960617853305
715,0.24737074426460195
716,0.3970350395996944
717,0.3286546802374751
718,0.44057223517425614
719,0.34640245956340404
720,0.26402118579328476
721,0.6162251319551091
722,0.24770528419306556
723,0.3202617522114506
724,0.23564841655527008
725,0.23564841655527008
727,0.35104257861821664
728,0.4045476435743911
729,0.17420994459403835
731,0.17420994459403835
732,0.17145427046088915
734,0.20001111892494733
735,0.20001111892494733
736,0.20001111892494733
738,0.2249025046969578
739,0.31262776754010857
740,0.3123294802474899
741,0.24067583499549106
742,0.38077108531529297
743,0.3663639854028807
744,0.6028289282675727
745,0.5080464705997186
746,0.6028289282675727
748,0.3204580670944835
749,0.33509822861457583
752,0.22224986466016303
753,0.3179521114018858
754,0.20267474110520517
755,0.5872311788501998
756,0.5609777574902778
757,0.5609777574902778
758,0.32118184850457626
759,0.21069874452802206
760,0.2928611838439967
761,0.4329415136145129
762,0.2940881018169371
764,0.39434105082118087
765,0.41228409169312935
766,0.4441133065928987
767,0.727228522414174
768,0.21505551028512152
769,0.33509822861457583
770,0.4115436270670763
771,0.14197254261789752
772,0.4067725245870067
774,0.44139212903359776
775,0.5091566553851745
776,0.5614663879271895
777,0.5404464316353647
778,0.5477265542311791
779,0.5477265542311791
780,0.6031601401738028
781,0.42996947088404996
782,0.4762622418635937
783,0.4688984413565208
784,0.42996947088404996
785,0.4762622418635937
786,0.4688984413565208
788,0.4527864160837396
789,0.4527864160837396
790,0.48131415371836195
791,0.5457719007567019
792,0.5751362217888647
793,0.5703716437379102
794,0.38470908494097095
795,0.45292119425357236
796,0.44196278442095627
797,0.5342236011122952
798,0.5660466390011047
799,0.3967522133371671
800,0.39871313108950673
801,0.42489928525080983
802,0.3573170919969064
803,0.4435806310778754
804,0.5725862658920405
808,0.5993717873976616
809,0.4964529453161865
810,0.5471455273505008
811,0.2792157900100826
812,0.4777643515150664
813,0.5012150386309314
815,0.5383063352761513
816,0.5656546757245051
817,0.5315618269352766
818,0.5329055273105034
819,0.5597470730990202
820,0.31038429957203567
822,0.6870690176214399
823,0.6271181479886724
826,0.3442932681506278
827,0.42706076427142636
828,0.43550684044823196
829,0.4694922039957772
831,0.38795355525372194
832,0.6031687658252418
833,0.5703979667675276
835,0.5309438290777715
836,0.3327318676287448
839,0.2556188129904755
840,0.22888360861393484
841,0.4143161471122848
843,0.46022968095757016
844,0.40730257821696
846,0.33754224479895123
847,0.6583102461174725
849,0.4908746672773433
850,0.4736636280170686
851,0.5738294609001211
852,0.7440548205635249
853,0.49461419198522705
854,0.360959057756118
856,0.3203014179739922
857,0.4787214868884663
858,0.5809496294133726
859,0.4500236319873899
860,0.4446726548885286
861,0.6077968159347243
862,0.6099698781951882
863,0.44737123373397003
864,0.4262898352194685
865,0.685076106857125
866,0.6984956797614366
868,0.45351528977382854
869,0.2392525294246425
870,0.2677530158462075
871,0.4363568790415548
872,0.28216916434550154
873,0.7241165845928603
874,0.5103347782728749
875,0.3544107957144908
876,0.5423481868700528
877,0.34742029455446066
878,0.6179900178938624
881,0.6080676805688271
882,0.561525793738807
883,0.250021550540789
885,0.2892390895421117
886,0.6412477322042457
887,0.5002468073504762
889,0.3663374965803967
890,0.35996918845837167
891,0.17087824082591133
892,0.1581876073922753
893,0.20001111892494733
894,0.25470126972836765
896,0.24632363575356023
897,0.27767027434698505
898,0.19428631646327285
900,0.36635145261970525
901,0.7093817322559206
902,0.6124240541314033
903,0.43453262419139166
904,0.49835053856943684
905,0.5854322353788728
906,0.32519581782059803
907,0.5369550613571701
908,0.5955810891669078
909,0.550806925524933
910,0.385432307406421
911,0.7182551413507358
913,0.6022452145795291
914,0.41667153346384755
915,0.17655029078128956
917,0.4596826057872441
918,0.6273443276065809
919,0.5386080997283453
921,0.4900413654712248
922,0.5463010943689869
923,0.3645519710003869
924,0.3954233609959959
925,0.4015204209332583
926,0.37764023317940537
927,0.35240322209589237
928,0.31320822129139847
929,0.2601004900990618
930,0.2225102112034141
931,0.5556457080357375
932,0.48444663744933825
933,0.3652263934474891
934,0.4853063244798019
935,0.3383057712539143
936,0.3474749885391998
937,0.31801601943792773
938,0.41050941894009
939,0.3240290320217764
941,0.5938987114465771
942,0.25714247171354543
943,0.43727834212992
945,0.3838128658414283
946,0.529482963345236
947,0.5993408910325407
948,0.427422272873187
950,0.6388270814245675
951,0.48866645352741117
955,0.26762087863514183
956,0.25022200898624036
957,0.3814411614012085
959,0.35936367230227806
960,0.35130965047355256
961,0.6354492050341868
962,0.5138213101294535
963,0.6285997683273937
964,0.23173496510427605
966,0.33112572045546074
968,0.3401934132706868
970,0.31643232626516776
971,0.2553955521395907
974,0.4859886534916253
975,0.40118872004195
976,0.24487763903145027
977,0.29587496675842895
978,0.29587496675842895
979,0.24178434402765533
980,0.5258904214394886
982,0.48720692285664585
983,0.19001625089461852
985,0.7027670941643408
986,0.7523558811943621
987,0.740711782543252
989,0.3691051020710918
991,0.37447179779140255
992,0.3511734598144789
994,0.3133720736781844
995,0.3133720736781844
997,0.54064397356822
998,0.6849816432197736
999,0.17042292142244142
1000,0.2694207370134312
1001,0.3441444681604234
1002,0.32508141956333964
1003,0.2934534746156006
1004,0.39141518296828076
1005,0.39141518296828076
1006,0.33581801259705485
1007,0.42541268916834823
1008,0.1992725152646913
1009,0.28756532509522553
1010,0.20003975792855327
1011,0.20788234191570953
1012,0.18473707036572926
1013,0.18473707036572926
1014,0.2964633385187622
1015,0.5030292132698505
1016,0.4459250552789065
1017,0.4382945426390429
1019,0.42477046844371186
1020,0.49293924802207967
1021,0.31853106993411673
1022,0.35405546808104194
1023,0.5129748780273954
1024,0.3304243588293988
1025,0.646679804805466
1026,0.34649665470001045
1027,0.40896099311591416
1028,0.3934219812152126
1029,0.5661923552726883
1030,0.579964959993299
1031,0.53349414295222
1032,0.31837530256163454
1033,0.6705558997599832
1034,0.6345045048403526
1035,0.5971401051211777
1037,0.8284091144659118
1038,0.5298679219835452
1039,0.6925188226317501
1040,0.5317701229500136
1041,0.3199165786080641
1042,0.3799441147495798
1044,0.6376380321496796
1045,0.6884430229461357
1046,0.5469242120733885
1047,0.6856885764683063
1048,0.651261531548767
1049,0.6722258368180924
1050,0.7235939311384452
1051,0.5110775587417394
1052,0.7128949711186063
1053,0.663372723936007
1055,0.5653089573886954
1056,0.22057622852251935
1058,0.6949261146626926
1059,0.5671536697946137
1060,0.597289103363933
1061,0.514272779630737
1063,0.43538676065232745
1064,0.4740794696634696
1065,0.5835953562018024
1066,0.4252752489544058
1067,0.37365691869671275
1069,0.3223566679948082
1070,0.33861638832716073
1071,0.3223566679948082
1072,0.5344701551128775
1073,0.5020495942353137
1074,0.596910880458694
1075,0.5739270772224433
1077,0.4656394644872904
1078,0.4760155431517141
1079,0.48828347219918794
1080,0.5134335622405577
1081,0.350746419346482
1082,0.6611400420149353
1085,0.5212525724190246
1086,0.5456552517110751
1087,0.4625005281984301
1088,0.5864610667338873
1089,0.4771773080334935
1090,0.5439789824043042
1091,0.4522254350322886
1097,0.6910182654879162
1098,0.6213270124534538
1099,0.5704450506419231
1102,0.6741940525587998
1103,0.4735629287156388
1104,0.4973362081878605
1105,0.581874981672601
1106,0.5775610338600282
1107,0.5352508099396184
1109,0.493477371986053
1110,0.3974362753066489
1111,0.45692237127679847
1112,0.5742269310194197
1113,0.21189780133580696
1114,0.23004655703364565
1115,0.5460599272685055
1117,0.36581501539503963
1118,0.6064417178650415
1119,0.3884104694489883
1121,0.45034138435355753
1122,0.5393840558089039
1124,0.5820829424879989
1125,0.45034138435355753
1126,0.49429031080498403
1128,0.5344701551128775
1129,0.4497331246312295
1130,0.5496034873648421
1131,0.7608391863992683
1132,0.38858523510084053
1133,0.5506456540309029
1134,0.5506456540309029
1135,0.549400117106322
1136,0.523131487395599
1137,0.6131395470251249
1138,0.4895009260396679
1140,0.4437977922044856
1141,0.4430115016387879
1142,0.514272779630737
1143,0.5487500033426401
1144,0.49376768730765536
1145,0.43998887181021423
1148,0.49977537001906236
1149,0.43333583957490635
1151,0.5921677301100032
1152,0.4516917184569998
1154,0.524483480312865
1156,0.514163066897752
1157,0.5223421398117145
1158,0.34803991630646763
1159,0.5052446217654883
1160,0.32446084773662703
1161,0.40174514639217046
1162,0.3388042540254704
1163,0.42144562798006013
1164,0.42780273152132425
1165,0.40174514639217046
1166,0.42951618872116076
1169,0.427399992209396
1170,0.3573227815067316
1173,0.5885092070027882
1176,0.4308559236032402
1177,0.6019797387902994
1178,0.5060602012602146
1179,0.541023506338324
1180,0.35309536380950785
1181,0.38909158681016015
1182,0.4516178492123276
1183,0.1700660903119901
1184,0.3164756608120551
1185,0.37403435243249283
1186,0.63775097489924
1187,0.4841178481117505
1188,0.6518459025417035
1189,0.5934249836858527
1190,0.5677044151005594
1191,0.5725983522086846
1192,0.6046625959801984
1194,0.683334653126143
1195,0.683334653126143
1196,0.6283854560329654
1197,0.6835084385833974
1199,0.38312405607434474
1200,0.49878598098829163
1202,0.37544210725790506
1203,0.46286419703536497
1204,0.37544210725790506
1205,0.35633246237213545
1206,0.2479566085083685
1207,0.3545171543874203
1208,0.44350852948660036
1209,0.49940575097494544
1211,0.3983435216912781
1212,0.3883631159658435
1213,0.3970878385649794
1214,0.34709222708781867
1215,0.2890042157901986
1219,0.2047490313008171
1220,0.24012096603264144
1221,0.23483304815585337
1222,0.519577430098307
1223,0.5005822830516824
1224,0.49576556749787126
1225,0.49924815490099334
1226,0.4964876436111875
1227,0.47066568804650594
1228,0.5241628498961907
1229,0.43492561963996407
1230,0.5695875622845229
1231,0.44350852948660036
1232,0.583899826324754
1233,0.3397112586995762
1234,0.3397112586995762
1235,0.32446084773662703
1236,0.3658608504409292
1237,0.6794111489382013
1239,0.6030705518516134
1240,0.21760447234164595
1241,0.670336315370162
1243,0.5901984692999384
1244,0.5095359045429305
1245,0.4261648492943149
1246,0.7220874962103259
1247,0.5901984692999384
1248,0.5509838708679254
1249,0.49001278781758634
1250,0.5006789211408227
1251,0.5509838708679254
1252,0.7148620331823755
1253,0.7027872221602278
1254,0.538882194523387
1256,0.41630961986546056
1257,0.35982954168048414
1258,0.3195200743699314
1259,0.4079886525564092
1260,0.5027477760373715
1261,0.40537554982902163
1262,0.5055531640879597
1263,0.48534579201664796
1264,0.5018273199079679
1265,0.5306427765206275
1266,0.39629527093654554
1268,0.6196239653022337
1269,0.39673281569622637
1271,0.7388819556219425
1272,0.6467387916109181
1273,0.6467387916109181
1275,0.711691368771099
1277,0.5434460850001094
1278,0.35349437665873495
1279,0.25862176273982973
1282,0.3858666999606025
1283,0.5847291177608598
1284,0.46911582931076845
1285,0.5056806392275534
1287,0.25379600100255145
1288,0.18320348429588984
1289,0.3233501692117226
1290,0.5783991221892364
1291,0.4264331551932951
1292,0.3341478055973182
1293,0.3521678573306333
1294,0.38848840224118003
1295,0.39834543634967623
1296,0.5373621768218901
1297,0.5608159071402282
1298,0.5923632184260166
1299,0.5030072897215914
1300,0.5166718848831884
1301,0.36581501539503963
1302,0.3069307319655634
1303,0.4288452794493302
1304,0.32794978385150453
1305,0.2785036464734338
1306,0.2785036464734338
1307,0.3185433926808709
1309,0.33913367565232677
1310,0.2785036464734338
1311,0.432545058860599
1314,0.4773960982141229
1315,0.4083230882905712
1316,0.774458562328045
1317,0.49817439509939243
1318,0.4712139941289508
1322,0.6322557466128956
1323,0.5699912429110945
1325,0.24477174779681374
1327,0.2530735481130646
1328,0.7904135485566723
1330,0.659407641157496
1332,0.7027872221602278
1333,0.7121809753199189
1334,0.7121809753199189
1336,0.7148620331823755
1337,0.37797373119735883
1338,0.4816999353871179
1339,0.7512550733100424
1340,0.3740712488113558
1341,0.6402548677320885
1342,0.7254843752720517
1343,0.6418253852469405
1344,0.8073110007944909
1346,0.5902667468446976
1347,0.6034893453966264
1348,0.7609142827717991
1349,0.5420751022031526
1350,0.6390794467939218
1351,0.6236757973326461
1352,0.6861957147484093
1353,0.6613672077420061
1355,0.5857513810456437
1356,0.6496315778027222
1357,0.5474541122231009
1358,0.4748935775449667
1359,0.508010188866673
1360,0.604176074198672
1361,0.508010188866673
1362,0.4955007293930494
1363,0.6114740877193154
1364,0.5068933852226036
1366,0.5247719723218927
1367,0.5106757258531894
1368,0.5106757258531894
1369,0.5653124457400973
1370,0.5072241387457416
1371,0.5653124457400973
1373,0.5653124457400973
1374,0.508010188866673
1376,0.5233567504438899
1377,0.49754398827979845
1378,0.5450674840964115
1380,0.5106757258531894
1381,0.500854648208891
1382,0.5623545163898194
1383,0.5568597411111282
1384,0.5106757258531894
1385,0.5624403862796239
1386,0.5653124457400973
1387,0.4995971525790573
1388,0.508010188866673
1389,0.508010188866673
1390,0.5776340661502309
1391,0.47315141539417793
1394,0.7707222523180309
1396,0.6430260095798733
1397,0.7351562657868252
1398,0.5395331294070135
1399,0.3250662422477435
1400,0.15042960939298386
1402,0.6811621908560412
1403,0.4427592445573265
1404,0.16545612587300454
1405,0.3162016321280909
1406,0.23774607389815372
1407,0.2315833785806733
1408,0.25124534011352334
1409,0.4045314275357333
1410,0.4645031285631806
1411,0.47591803417746265
1412,0.43058160673602197
1413,0.43735517497287024
1414,0.43735517497287024
1415,0.47177145589267977
1416,0.2844729975078935
1418,0.6378260999611589
1419,0.35421710089551245
1420,0.459107892396248
1421,0.3388622710979889
1422,0.5416799465925175
1423,0.22795181675800916
1425,0.2329970487285098
1426,0.4834147612206427
1427,0.5610706530831329
1431,0.6596991018092556
1432,0.5177636054318289
1433,0.5017434638655887
1435,0.5097689294483245
1436,0.3783903456777116
1437,0.4158571817387627
1439,0.21953536274991264
1441,0.2153767377915982
1442,0.4541007491457054
1443,0.5116834034492003
1444,0.44336658058981254
1445,0.48816184335201634
1446,0.4346909791635574
1448,0.5562729395745746
1449,0.5355204248499768
1450,0.4554222555808391
1451,0.4839270355284921
1452,0.412437836298693
1453,0.48356996579954264
1455,0.40873172028690324
1456,0.4265942144596916
1458,0.40873172028690324
1459,0.36508839646939245
1460,0.5991579208280094
1461,0.5470163618421239
1462,0.5537718147897658
1464,0.5329400527898678
1465,0.5245851055327477
1468,0.4847191847906613
1470,0.5245851055327477
1471,0.5774921018345788
1472,0.5606327284843072
1473,0.5453536204783714
1474,0.4521913642778444
1476,0.5489071678388706
1477,0.5771513392069672
1479,0.5624246834270638
1480,0.4690304608952673
1481,0.53126732975115
1483,0.5655335207041304
1484,0.40675298322458053
1485,0.44026784672043734
1486,0.3467471324682913
1487,0.4264861804013429
1488,0.33682349464082256
1489,0.4179420218404066
1490,0.4620748543345051
1491,0.47772845438204814
1492,0.32477788945245434
1493,0.155689651016874
1494,0.16050795732258766
1495,0.155689651016874
1496,0.1142491954703145
1498,0.15042960939298386
1499,0.18878821926717104
1500,0.17587596865153504
1501,0.1913863816602309
1502,0.13443751574914053
1503,0.21167151229529907
1504,0.21695987842605768
1505,0.155689651016874
1506,0.155689651016874
1507,0.2867792819879809
1509,0.29425129315640314
1510,0.1579669052379012
1513,0.6849934223654796
1514,0.5061074425303306
1515,0.6849934223654796
1516,0.3205009475727617
1518,0.6849934223654796
1519,0.6057223709079711
1521,0.2935442030371959
1522,0.5312281900290374
1523,0.5996459241460811
1524,0.573012574489045
1525,0.40718364306234534
1526,0.38934020597256724
1527,0.35560682199783655
1528,0.3470235493922848
1529,0.45247811786312725
1530,0.35215619117121966
1532,0.40519354961760995
1533,0.3745064947360889
1534,0.45715050514801286
1535,0.4581559612081222
1536,0.49682194606639285
1537,0.5356914726691073
1539,0.5275258198547075
1540,0.5275258198547075
1541,0.6311958852456695
1542,0.4473159495953375
1543,0.26782660138659814
1544,0.308102174043426
1545,0.45933532934326815
1547,0.5812357873095017
1548,0.5768592310473514
1549,0.4842515793569264
1550,0.4547092280786153
1551,0.54109278108124
1552,0.2739035080673143
1553,0.8010384650264791
1554,0.7573855989292546
1555,0.7573855989292546
1557,0.7756544472248738
1558,0.7573855989292546
1559,0.7675214859013717
1560,0.7646551851115746
1561,0.7720206606493266
1562,0.7573855989292546
1563,0.7691238187020887
1564,0.732526224431367
1567,0.7756544472248738
1569,0.7557184657133461
1570,0.7608391863992683
1571,0.7743432673130841
1572,0.6592203980815531
1573,0.7574627974878912
1574,0.46517581440023403
1577,0.4178795824390029
1578,0.5377113786600165
1579,0.4178795824390029
1580,0.4487101358869409
1582,0.5105140505868258
1583,0.46725388492657044
1584,0.5223207909291974
1585,0.5223207909291974
1586,0.5526731043628674
1587,0.5729456894852477
1588,0.43003161073212093
1590,0.3891848134772406
1592,0.7057507960512777
1593,0.4017131546713699
1594,0.504881494813362
1597,0.30707923938722936
1598,0.32000946961302945
1600,0.5114035497034356
1601,0.5532159778983089
1602,0.6005744917516179
1603,0.26824727423539413
1604,0.26624834358613236
1606,0.2943691901844754
1608,0.6131955829668174
1610,0.38423034784165344
1611,0.3041800046817311
1613,0.44216054870018023
1614,0.3274937276735905
1615,0.4651309441104215
1616,0.44780595460817135
1617,0.36307671860019686
1618,0.31443037394188517
1619,0.32267224167393177
1620,0.2917802162346352
1621,0.38587451922270677
1622,0.3858910795146655
1624,0.3528945848444411
1625,0.36786197445617286
1626,0.3897582713876964
1627,0.3067351848147751
1628,0.38015098393281654
1630,0.4062076856786127
1631,0.3362137787592949
1634,0.38587451922270677
1635,0.4173723313217218
1636,0.42701318195643995
1637,0.405339061259333
1640,0.3505440793104356
1641,0.3505440793104356
1642,0.4375805974783954
1643,0.37806702078624166
1644,0.38609567687306623
1647,0.39803196785018524
1648,0.21971223005918766
1649,0.44216054870018023
1650,0.4713412997468626
1653,0.48041335139822017
1654,0.45547584351585096
1655,0.2806723813237092
1656,0.36431830058501624
1658,0.37297748571644135
1660,0.45045080659008135
1661,0.4021112441554812
1662,0.26394066991562937
1664,0.3041800046817311
1665,0.2500988511307504
1666,0.37065449433071485
1667,0.4157241831941818
1668,0.711484490814095
1669,0.41754608620109274
1670,0.4505345399659184
1671,0.5463605968024232
1672,0.5389282285207888
1673,0.4884388880986542
1674,0.5076708352438558
1675,0.4869347880485347
1676,0.5467596568859733
1679,0.472249689057381
1680,0.472249689057381
1681,0.5576816250843433
1682,0.6441751483078542
1683,0.7508459328691584
1686,0.2681264792562747
1687,0.46404576243989015
1688,0.2805970492464499
1689,0.658189400000573
1690,0.6949266820975044
1691,0.7215618655318026
1693,0.6114640889941443
1694,0.43172838320117374
1695,0.7146403483722457
1696,0.4195365964540253
1697,0.5681975437479277
1698,0.5075808474654889
1699,0.6486334674582033
1700,0.7827134169636615
1701,0.5311580211262598
1702,0.7485160728496036
1703,0.6580274883434558
1705,0.5571634820402986
1706,0.5534834636857403
1707,0.46385938472736066
1708,0.6033699206948709
1710,0.5409953775433265
1711,0.4747517982809446
1712,0.5571634820402986
1713,0.6498286043472861
1714,0.5702264835669987
1715,0.6498286043472861
1716,0.5702264835669987
1717,0.48654656830780474
1718,0.5571634820402986
1720,0.576309915230547
1723,0.7299546598173485
1725,0.35445323537134593
1726,0.33236545608700774
1727,0.35445323537134593
1728,0.6475214556626177
1730,0.5720896643963654
1732,0.6862076156526481
1733,0.5866285400160702
1734,0.6561462384703572
1736,0.6819769428137322
1737,0.6701563874269796
1738,0.7005618614973347
1740,0.6087149507055755
1741,0.7244410001508244
1744,0.7005618614973347
1746,0.7244410001508244
1747,0.6535257195938646
1750,0.6701563874269796
1751,0.6701563874269796
1752,0.6218810523263089
1754,0.5358498780362361
1755,0.630131800097534
1756,0.2932563547679623
1757,0.30172443947186345
1758,0.6091414880565738
1760,0.46241676440622864
1761,0.5231768956598115
1762,0.3221375616751552
1763,0.24750122011879902
1765,0.5607989830221519
1766,0.6609924696874958
1767,0.5445034897567244
1768,0.8519929343796879
1769,0.4403198248481856
1770,0.22990789612416598
1771,0.4851519500750213
1775,0.8454718933255981
1777,0.29491593814479744
1778,0.47658741106174946
1780,0.6092094010396035
1781,0.5621190609600873
1782,0.679898469338161
1783,0.5571374084525259
1785,0.4109893455560517
1786,0.6036951953864744
1787,0.39992201150710566
1788,0.3446225473042201
1789,0.2827330089110069
1790,0.3446225473042201
1791,0.34423093222467294
1793,0.33836993853321073
1794,0.3378090218091837
1795,0.24861310321551763
1798,0.27323177702310397
1799,0.7756544472248738
1800,0.7675214859013717
1801,0.7148620331823755
1802,0.33277387527130153
1803,0.7283089293152216
1804,0.702879596010699
1805,0.35400675271843285
1806,0.23013668951859123
1807,0.6879015670807861
1809,0.4295592878309622
1810,0.7041733970617928
1811,0.7041733970617928
1813,0.6810926053677713
1814,0.6810926053677713
1816,0.670797391481177
1818,0.5784074108773518
1820,0.5803649608658781
1821,0.4718343894165755
1822,0.48966109519390244
1823,0.6241216182488076
1825,0.6859861355578339
1826,0.6269554315611346
1827,0.3984493677981496
1829,0.7257329315567138
1830,0.27898348846829624
1831,0.4797243587783527
1832,0.7041733970617928
1833,0.6926382617017934
1835,0.6810926053677713
1836,0.6926382617017934
1838,0.6810926053677713
1840,0.4472660599987645
1841,0.4907722833021657
1842,0.5322202814522112
1843,0.780110289434563
1844,0.6570019205045722
1845,0.5639834929712509
1846,0.3570023025335276
1847,0.515865672570714
1849,0.601196931183388
1850,0.4472660599987645
1851,0.29837168629301586
1853,0.79259217660671
1854,0.6387478073214812
1856,0.7208032749484856
1858,0.8333874616271554
1859,0.7208032749484856
1860,0.6878588174061689
1861,0.7351200426988979
1862,0.8031197799284866
1863,0.7787891018771702
1864,0.8283021122036255
1865,0.7977047187958475
1866,0.7951996454636646
1867,0.660317662642783
1868,0.7790787246476821
1870,0.8333874616271554
1871,0.8333874616271554
1872,0.7722000000902158
1873,0.787620374858678
1874,0.590697075487058
1875,0.7658425960388812
1876,0.7070393252509437
1877,0.8415343174336241
1878,0.7977047187958475
1880,0.4462888056749685
1881,0.749374415870384
1882,0.43126517234368156
1883,0.5445417784329881
1885,0.4587721313545102
1886,0.596910880458694
1887,0.8405475746495465
1888,0.7752884325596678
1890,0.6878588174061689
1891,0.8216139420121231
1892,0.8157890450106292
1894,0.8510205298305963
1895,0.7658663786862895
1896,0.7822615111567536
1897,0.7862566625429699
1898,0.8107346429287773
1899,0.8333874616271554
1901,0.7956707906585448
1902,0.8673651330623858
1903,0.8421753375383478
1904,0.7216646876869645
1905,0.8151483559638496
1906,0.7739052511471561
1907,0.7739052511471561
1908,0.8309288941801529
1909,0.6339151194539759
1911,0.35041447660985575
1912,0.4760699563664085
1913,0.36653118074748064
1914,0.3338514608726874
1916,0.4040216983678637
1917,0.7637309957792642
1918,0.8134951388617582
1919,0.5117499959883439
1920,0.8134951388617582
1921,0.3721828049627682
1922,0.8087235463855287
1923,0.7732627548897619
1925,0.4834412697078224
1926,0.4817195912361985
1928,0.5388168367593033
1929,0.7790748288061806
1930,0.86021014519523
1931,0.8005897313386032
1933,0.8218959172419208
1934,0.7835944123395172
1936,0.7114425123754444
1938,0.772338496655314
1939,0.7925373782336057
1941,0.7790748288061806
1942,0.8073070359593049
1944,0.7418315844345287
1947,0.6589600717241871
1948,0.8064861617940188
1949,0.6620108717828928
1950,0.8256523860821868
1951,0.650594740113568
1952,0.3696676004858363
1953,0.6192947026784958
1955,0.4380623052040797
1957,0.5075283406163112
1958,0.4076051311117823
1959,0.4732850926784499
1960,0.6678258134225965
1961,0.5966036970380401
1962,0.6682687810472739
1964,0.5908651860020447
1965,0.8492159759944466
1966,0.6310813718677909
1967,0.6638482602107653
1968,0.61483083484287
1970,0.6193309176649404
1971,0.608228038042247
1972,0.7322731252889404
1973,0.7101244364813778
1974,0.6285431735996946
1975,0.4794173263586602
1976,0.5410405003846674
1977,0.37395170061946775
1978,0.54257080572978
1979,0.4076666378515074
1980,0.3495375966282765
1981,0.5929980969071987
1982,0.5196950296086015
1984,0.7578645139698098
1985,0.6651187565709329
1986,0.5776682001058573
1987,0.6481833368380668
1988,0.7480553850884681
1990,0.4505345399659184
1991,0.5913973817008045
1992,0.5791540985626507
1993,0.6791915628671922
1994,0.6716193287402921
1995,0.5384481305209778
1996,0.5795295091075898
1997,0.23907509710395686
1998,0.3640646031488677
1999,0.7421598592343652
2000,0.7421598592343652
2001,0.8087235463855287
2002,0.7732627548897619
2003,0.7671570952662387
2004,0.6320750982023668
2005,0.660736047724655
2006,0.522701140363448
2007,0.4057934263694114
2008,0.6982757559353001
2010,0.5447924237231258
2011,0.5447924237231258
2012,0.7008238631676322
2013,0.34587275427471575
2015,0.6387546862160896
2016,0.31486332765258085
2018,0.760757774395925
2020,0.46031679903731443
2021,0.4847191847906613
2022,0.5872988403345341
2025,0.6069770070208474
2026,0.5491252482745775
2027,0.5656866658184255
2028,0.6513683962930253
2029,0.33250718085741837
2031,0.6440857484079391
2032,0.6570893532105134
2033,0.7236290721013916
2034,0.6440857484079391
2035,0.6148263681125331
2036,0.7070662443484168
2038,0.6362845835874632
2039,0.620652426111259
2040,0.6362845835874632
2042,0.6163727133159571
2043,0.6337240119274196
2044,0.7525831310783967
2046,0.728267714066995
2047,0.5762820319548556
2048,0.46614330560687994
2050,0.49632597847989074
2051,0.27290077917375727
2052,0.6529943621060336
2054,0.4342495011055364
2055,0.4358769223263879
2056,0.3883488789113898
2057,0.441621630879251
2058,0.4358769223263879
2061,0.6774019770663204
2062,0.659492759091132
2063,0.6645551602172373
2064,0.3488173225452504
2066,0.4926333513868215
2067,0.6235258705598683
2068,0.5388808142288891
2069,0.6373381999105691
2070,0.6151171157493696
2071,0.5712440845604767
2072,0.578074287632852
2073,0.6497848251144828
2074,0.578074287632852
2075,0.6151171157493696
2076,0.61675945653348
2077,0.6128330957547476
2078,0.5017086586189815
2080,0.47911704920378334
2081,0.40344807376174396
2082,0.3950861064870955
2083,0.39931139001726995
2084,0.3883488789113898
2085,0.5017086586189815
2086,0.4435411929470501
2087,0.6106327698708405
2088,0.5233814397116052
2089,0.4435411929470501
2091,0.48763800739940383
2092,0.5162908409042699
2094,0.5328520946045786
2095,0.5824276483741208
2098,0.5554648564956692
2100,0.48763800739940383
2101,0.4693726265065579
2102,0.5286910276375959
2103,0.5456006490729421
2104,0.5388808142288891
2105,0.6009322082754193
2106,0.4960512403165009
2108,0.5613891756105996
2109,0.5306521008666685
2110,0.7542547732919825
2112,0.4469428331757892
2114,0.5629896349935576
2115,0.622729020606588
2116,0.3743622402884626
2117,0.532537038115356
2118,0.49852542657803517
2120,0.4355585008488573
2122,0.6586497273150216
2123,0.6851006570061752
2124,0.5220304881369048
2125,0.5443086864539233
2127,0.588332919378541
2128,0.6737422479493549
2129,0.4922003148046967
2130,0.6513607493351715
2131,0.6312469204512304
2132,0.504341528271994
2133,0.6647269129572925
2134,0.6929959606598961
2135,0.7665352479449127
2136,0.6080569658723051
2137,0.5367506549781685
2138,0.7255309297959887
2139,0.5617046642422567
2140,0.6264219586778148
2141,0.5779245147590477
2142,0.686516862001434
2143,0.8109856469713271
2144,0.8109856469713271
2145,0.7079660649450827
2147,0.6522380950778112
2149,0.47904329219106484
2150,0.6774019770663204
2151,0.49526595707884213
2152,0.3997472272456994
2154,0.3780955594985329
2156,0.41913553071073534
2158,0.45253872929999556
2159,0.43502305670275093
2160,0.5214732284728439
2162,0.8146082482723974
2163,0.5035032803032612
2164,0.47026933488195505
2165,0.5367518642323961
2166,0.6011782842877798
2167,0.7281151986205012
2168,0.661976740239915
2169,0.45008869888383685
2170,0.7986656658987119
2171,0.7735868734696776
2172,0.7646551851115746
2174,0.7646551851115746
2175,0.7086846534434684
2176,0.4912889538780442
2177,0.2835142949687724
2178,0.7089455017296917
2179,0.7240293144776205
2181,0.6363076409343368
2182,0.5816620634473897
2183,0.7447558449262458
2184,0.6273467806594947
2185,0.5682875719553834
2186,0.6873557943260761
2187,0.698608887674524
2188,0.6108566213286578
2189,0.481895257893175
2191,0.5880134054375451
2192,0.5712225218185081
2193,0.4482838681779198
2194,0.5944337443004184
2196,0.5890940891801844
2197,0.6385794255419575
2198,0.7130367845092669
2199,0.7115789951405572
2200,0.576695132039471
2201,0.6203101157388232
2202,0.7517940371440607
2203,0.6026498024707085
2206,0.6302615382126953
2208,0.5576746760791617
2209,0.5416799465925175
2210,0.5527858942021274
2211,0.5409023218164543
2212,0.5626523632960996
2213,0.5820829424879989
2214,0.6210654128767505
2215,0.5345058888896668
2216,0.33362851197599136
2217,0.4396150301822169
2219,0.2510471125693037
2220,0.4396150301822169
2221,0.4470727307269357
2222,0.4399827465626468
2223,0.4458439651843257
2224,0.4587359572439339
2227,0.4587359572439339
2228,0.46029027371250086
2229,0.48846822695124964
2230,0.4121215125953747
2232,0.4458439651843257
2233,0.4486302438404553
2234,0.2940031005035432
2236,0.45790617840467723
2237,0.248360686968261
2238,0.6432751166093061
2239,0.4774790973447391
2241,0.35721267949294305
2242,0.29409305519939477
2243,0.407446885682421
2244,0.4278296555308061
2245,0.4039072529562369
2246,0.42324591260586053
2247,0.5335092708285845
2248,0.479851461791527
2249,0.53085185365683
2250,0.5404889744699932
2251,0.4631482617757454
2252,0.39040009702735523
2253,0.36169993256808214
2254,0.5954517379979859
2255,0.514002223969802
2256,0.29245636253466195
2261,0.6035120762608635
2262,0.4458405248574776
2263,0.6496315778027222
2264,0.5444941685246597
2265,0.6133649974546298
2266,0.41016662901462
2267,0.4732377457730911
2268,0.4740259853488034
2270,0.5904918000795744
2271,0.34113066097911376
2272,0.6766693091927927
2273,0.49851873949631637
2274,0.5925267837036097
2275,0.4863301453675671
2276,0.548399376805332
2278,0.46430257597100255
2280,0.49830994193945843
2282,0.4707054037212901
2283,0.37591889832325676
2284,0.5468350279073734
2286,0.5338818556935175
2287,0.46430257597100255
2288,0.548399376805332
2289,0.5320349827578894
2290,0.4722981839894816
2291,0.4556333189956718
2292,0.41756939043234853
2293,0.46430257597100255
2294,0.5563734751582464
2295,0.548399376805332
2296,0.5320349827578894
2297,0.3564150288963188
2298,0.5468350279073734
2299,0.5624760316961038
2300,0.5420154223500607
2301,0.29400136330032184
2302,0.6229034723402294
2303,0.6311467670725288
2304,0.5159369980810542
2305,0.5867942731759376
2306,0.4606832961856492
2307,0.5575268959713925
2308,0.4968216710317387
2309,0.4606832961856492
2310,0.4606832961856492
2311,0.4968216710317387
2312,0.5060049441153701
2313,0.6366156126950272
2314,0.6574416885927835
2315,0.1532134627172738
2318,0.21027619709008308
2319,0.23976580149830945
2320,0.2921786044282355
2321,0.3948284094167739
2322,0.4637678116015297
2323,0.624404691861749
2324,0.5639453575075456
2325,0.5928442426842289
2326,0.5207719227580417
2327,0.5786941751614413
2328,0.4535869049218894
2329,0.6712989912533772
2331,0.6473232411209145
2332,0.5784053167321271
2333,0.727593205602309
2334,0.7803092199627745
2335,0.7314926251928039
2336,0.6026718125941446
2337,0.5683739159253443
2338,0.608228038042247
2340,0.6911396804763835
2341,0.6432751166093061
2342,0.5385721301868897
2343,0.608228038042247
2345,0.7333031189346277
2347,0.4238628746146092
2348,0.4688403389327379
2349,0.5031782811611086
2350,0.2584153667577529
2353,0.6709115329217821
2354,0.49228454113763387
2355,0.470385935397274
2356,0.5361196838117517
2358,0.47272514751753003
2362,0.4537944344875684
2363,0.48651029970841475
2364,0.47272514751753003
2365,0.5813851656379952
2366,0.4837901502485468
2367,0.5507783677547432
2368,0.5001542664058778
2369,0.5987707921644003
2370,0.6102547460606329
2372,0.4907594056631984
2373,0.5442531405279101
2374,0.56560686978131
2375,0.7300707918916746
2376,0.197085452034978
2377,0.2754771489680283
2378,0.33756910099771614
2379,0.2743138434204573
2381,0.4221633731894085
2382,0.5746078104721318
2383,0.3933327104802564
2384,0.4087034805539853
2385,0.3665482409717714
2387,0.545097580493619
2388,0.3665482409717714
2389,0.5235067311580819
2390,0.3096961612443054
2391,0.3491077740041271
2392,0.3096961612443054
2395,0.17087824082591133
2396,0.21785081329445116
2397,0.20001111892494733
2398,0.20001111892494733
2399,0.21785081329445116
2400,0.6080483063846364
2401,0.5788372817874801
2403,0.33299477562123014
2404,0.5939118760378088
2405,0.5706493164475381
2407,0.3247431461552913
2408,0.6740132695999859
2410,0.48584878094551237
2411,0.3532115684547877
2412,0.5371063279960707
2414,0.44852054310600786
2415,0.48519957389905227
2416,0.29853857346490975
2417,0.30943555549518553
2419,0.24612678451443587
2420,0.23257822871640763
2421,0.2084542980416025
2423,0.2229343474325747
2424,0.2414021037606457
2425,0.22347198875500188
2428,0.21885901211302045
2429,0.24756281649604156
2430,0.2229343474325747
2431,0.23257822871640763
2432,0.28299322080356404
2433,0.2788687293649839
2434,0.288343152939912
2435,0.28156391520251556
2437,0.21048702875087458
2438,0.4950845901698345
2439,0.22347198875500188
2440,0.56529498347456
2441,0.48997490498741586
2442,0.3594717259047719
2443,0.7317769971666778
2444,0.7317769971666778
2447,0.6771200935980914
2448,0.6902494368461771
2449,0.8450784468109154
2450,0.7421598592343652
2452,0.8436539272709169
2453,0.7721750817771681
2454,0.832179645293655
2456,0.7230630414356032
2457,0.8189478866012189
2458,0.6466480790659901
2459,0.6980840151333663
2460,0.6029594375931361
2461,0.6437643688036283
2462,0.6244672772376821
2463,0.7300599330501313
2464,0.5748253382003833
2465,0.7418669723939827
2466,0.7100511683252222
2467,0.7014443371235115
2468,0.6127817205081147
2470,0.37972099347707894
2471,0.4541472435213957
2472,0.49339831242939547
2473,0.6313984129224588
2474,0.43789007041591027
2476,0.5344551379776681
2478,0.3541669086922325
2480,0.4186755984931762
2482,0.5727763406567189
2484,0.3428786487649868
2485,0.30610418460336186
2486,0.34772699207796354
2487,0.5695207437958238
2490,0.37440865522538785
2491,0.5195048465826579
2493,0.2534108771456536
2494,0.4581513377388608
2495,0.7728198047279176
2496,0.7713602677264377
2497,0.7713602677264377
2498,0.6707034723872726
2499,0.2827296822113989
2502,0.2501597991559344
2503,0.29358601419777947
2507,0.31816756056941586
2509,0.3109303088647538
2511,0.655726581457339
2514,0.5893201816693677
2515,0.5684537027418425
2516,0.6851389794697421
2519,0.5367378132146022
2520,0.36495384841122724
2521,0.3666800021634319
2523,0.3092700948820367
2524,0.5686479732868046
2526,0.2939847586189753
2527,0.3480611833287224
2528,0.2821184221993996
2529,0.3540507573507612
2530,0.30258584471565425
2531,0.4437022176928335
2534,0.40358565034178956
2535,0.4410256670592241
2536,0.402963365690378
2537,0.4778106632680012
2538,0.40358565034178956
2539,0.5056379689696447
2540,0.4778106632680012
2541,0.42064485514843325
2542,0.4310371995518969
2544,0.3869366023028823
2545,0.4356740290599094
2546,0.452839026074849
2547,0.46948254137475465
2548,0.30925842557197375
2549,0.3479786631061143
2550,0.5389535835316602
2551,0.2783609218182304
2552,0.28530858215066907
2553,0.44630460624902907
2554,0.25164588008711514
2555,0.303781487027088
2558,0.1998112269841065
2560,0.19071386135593854
2561,0.17922361545450208
2562,0.2306023555346615
2563,0.23839206175184954
2565,0.431079139851511
2567,0.44558443031560035
2568,0.4024851745496877
2569,0.3695525173933276
2570,0.20953225248835317
2571,0.2372411006654779
2572,0.4845397571534466
2573,0.5639098122905696
2574,0.39470573693015215
2575,0.5551405277638801
2576,0.539678097375755
2579,0.78374339230748
2583,0.41649899461539863
2584,0.5571845544017877
2585,0.42283222864473646
2586,0.4911852077400234
2587,0.555987178526833
2588,0.7473075294419509
2589,0.33189019533813235
2590,0.4038165581358706
2591,0.4058423635087936
2593,0.4744319750461424
2595,0.5001629735752305
2596,0.7381060068774484
2597,0.6234854190717677
2598,0.39175362355780613
2599,0.3347426037302493
2600,0.6624924149563898
2602,0.4465776456421235
2603,0.48961163670577085
2604,0.6083924707404654
2605,0.6106596604345852
2606,0.46946085822485
2607,0.2456288640029356
2608,0.53585630032206
2612,0.42462153561489113
2613,0.39959153870045816
2614,0.7235386709176543
2615,0.6976947215530744
2616,0.6692530187621057
2617,0.6219073218448465
2619,0.5724263325385346
2620,0.2962083913157967
2621,0.2538403166570727
2622,0.25385553101398595
2623,0.3940716043410475
2624,0.269843144284137
2625,0.25385553101398595
2626,0.39765900668936655
2627,0.26258548495677286
2628,0.26623746548008936
2629,0.45984155914953134
2630,0.5968392677881883
2632,0.5961642274798965
2633,0.7034382667272058
2635,0.6860697138479072
2636,0.4629622877792278
2637,0.373507666683381
2639,0.4260529265571827
2640,0.35193034075730806
2641,0.39486421049647336
2642,0.4876270252066964
2643,0.3914278729748169
2644,0.3968775798328667
2645,0.6817856188321519
2646,0.6462584293865041
2647,0.5169722898259952
2648,0.5440171861211135
2649,0.3470349043490531
2650,0.522047007917786
2651,0.4820348280531857
2652,0.5582756998253106
2653,0.5245851055327477
2654,0.48548832646509354
2655,0.4474483097819091
2656,0.5122153636928473
2657,0.5786184661388092
2658,0.3338002595022185
2660,0.6567024043835781
2661,0.431532483527559
2662,0.4380051280120764
2664,0.7927451665382231
2665,0.6078996590626922
2666,0.776093073877359
2667,0.7785364260997663
2668,0.781886988361388
2669,0.6308676883813092
2670,0.7496609707887686
2671,0.7496609707887686
2672,0.781886988361388
2673,0.5787041599752047
2674,0.826538222977095
2676,0.781886988361388
2677,0.7579628164191313
2679,0.781886988361388
2680,0.7924433511357671
2682,0.48003724002322967
2685,0.431532483527559
2686,0.4150318373527126
2687,0.781886988361388
2688,0.7924433511357671
2689,0.7057507960512777
2691,0.5122153636928473
2692,0.21039645360335205
2694,0.4212093269112806
2695,0.40159874800563466
2696,0.3525038495438579
2697,0.4212093269112806
2698,0.765913159137332
2699,0.4108307160486369
2700,0.3763494481754815
2702,0.49877373667488945
2706,0.5176498766112934
2707,0.5626047302118323
2709,0.5067714267952445
2710,0.7054095577043299
2711,0.6623000491959519
2712,0.7786731117105287
2714,0.5556880412585045
2715,0.3518963384424208
2716,0.4401179532856715
2717,0.48464817691946493
2718,0.8251458307466564
2719,0.3846839436132282
2720,0.4914503837245605
2721,0.5029649378953222
2722,0.6133649974546298
2723,0.6216266586324197
2724,0.5621863800852356
2725,0.7343121731333834
2726,0.5929412341442385
2727,0.5856250108892226
2729,0.7360853045333375
2730,0.4091316738679106
2731,0.2034780783627861
2732,0.4630967158067691
2733,0.32465899185277597
2735,0.4951786606418594
2736,0.4224746910551785
2738,0.251202503469226
2741,0.3761282547974607
2742,0.3879671720302874
2744,0.557661987548658
2745,0.5556880412585045
2746,0.6099698781951882
2751,0.48001503221830716
2752,0.4930884724403434
2754,0.4026544953935211
2756,0.48001503221830716
2757,0.537256646848389
2758,0.3956895996194396
2760,0.31784265054200506
2761,0.24508416645146397
2762,0.4173019792797725
2763,0.5827968733563035
2764,0.29113416743201503
2765,0.480806588115345
2766,0.35560052456607916
2767,0.38066901327341
2768,0.4002306260702519
2769,0.363849270619183
2770,0.3722046897591586
2771,0.5556880412585045
2772,0.47658741106174946
2773,0.41085653385049115
2774,0.46094870479142674
2775,0.20723763039437995
2777,0.4583706162401347
2778,0.6903538494567923
2779,0.6934331522000976
2780,0.6311777211364366
2781,0.5454071792233748
2782,0.5534987434102501
2783,0.588081371347103
2784,0.5534987434102501
2785,0.6183862902406891
2786,0.635947433957416
2787,0.5804847345768624
2788,0.6337566659658728
2789,0.5762820319548556
2791,0.644397021637693
2792,0.644397021637693
2793,0.5762820319548556
2794,0.6903538494567923
2795,0.5019334203771841
2796,0.6007400614612427
2797,0.49069678485868784
2798,0.4711348586703544
2799,0.5235912662858029
2800,0.6787558013396918
2801,0.7577434991362494
2802,0.429676651597082
2803,0.3835038215490252
2804,0.274331458207632
2806,0.4414319755537355
2807,0.5418954241494137
2808,0.3246367759944998
2809,0.26657434033168254
2811,0.6895263072419636
2812,0.47793892898922846
2815,0.40532737459805224
2816,0.4466782617960496
2817,0.4410827951413402
2818,0.6146963145249377
2819,0.4912889538780442
2821,0.6376205253140914
2822,0.304237134431893
2826,0.5351620008532362
2831,0.3470235493922848
2833,0.6474508157270031
2834,0.6126011382096128
2835,0.7201427791076752
2841,0.6062144954894687
2844,0.4124780456227274
2846,0.33094786431903783
2847,0.42825037626117396
2848,0.36347974347848966
2849,0.4477580615922946
2850,0.5725035271300449
2851,0.5304889683337047
2852,0.4920076077183639
2853,0.534403048972686
2854,0.4295120796978294
2855,0.7047771682074364
2856,0.6772515585032192
2857,0.23095082616366788
2858,0.41593319250827904
2859,0.618566983101533
2860,0.34972522179369736
2861,0.7130134848877412
2863,0.31761103643390437
2864,0.49415764105880156
2865,0.42361452818736883
2866,0.48963663687136544
2867,0.5300707804340022
2869,0.8279069433789105
2870,0.7814306656986797
2871,0.7112974594867245
2872,0.7885229636409794
2873,0.673548186690971
2874,0.6984956797614366
2876,0.6425979026494517
2877,0.629163942306524
2879,0.4927099341756414
2880,0.763192490227726
2881,0.7889731567182322
2882,0.7519055529458093
2883,0.8247029898230654
2884,0.6543800275864617
2885,0.719856769187836
2886,0.30921862666095407
2887,0.3439344250528604
2888,0.2776062053117553
2889,0.2776062053117553
2891,0.7350464880480995
2893,0.45005443501796355
2894,0.2766118184428455
2895,0.8262048154514845
2896,0.6540217804678751
2897,0.5278666667494264
2899,0.8384539074458427
2900,0.7718769846726327
2902,0.8039229317777671
2903,0.6717334248131287
2904,0.8376761119746572
2905,0.8376761119746572
2906,0.8454064793791096
2907,0.4823345050875085
2908,0.5923535265713921
2909,0.5193530707507426
2910,0.6905704751834805
2911,0.6759711941314628
2912,0.707267461354861
2913,0.7586302826171091
2914,0.7381060068774484
2915,0.7020109036245905
2916,0.7167168259442405
2917,0.43428760527613564
2918,0.4286238154545323
2919,0.6143387016661924
2920,0.5644883232723741
2921,0.34605093492184097
2922,0.6724443530017413
2923,0.7574538042179776
2924,0.5003072805565364
2925,0.4746286713472046
2926,0.4928524615209933
2928,0.44856827881954286
2929,0.41183523582311865
2931,0.3930482637994915
2932,0.4750398646316233
2934,0.4193384118171806
2935,0.7101140986986753
2936,0.5974662485477666
2937,0.5302840035870204
2938,0.4218103673194855
2939,0.5630757306775139
2940,0.47495178480454947
2941,0.32643938468317707
2942,0.3944745930543586
2943,0.727512869748187
2944,0.5359342526024679
2945,0.4908740347738418
2947,0.46987659196015963
2948,0.46777413055021655
2949,0.42391895617705744
2950,0.42391895617705744
2951,0.4639558112803114
2952,0.43535019175019307
2954,0.39745162547553836
2955,0.5766300721319512
2956,0.5336031175929848
2957,0.41655309536697666
2958,0.5123044188056152
2959,0.4114067482003133
2960,0.4462625928275044
2961,0.20516624013575252
2962,0.4627770921241201
2963,0.4440167221738049
2964,0.46994798531417825
2965,0.45473622904484157
2966,0.4265966996730025
2968,0.46000617032843155
2969,0.3635685496486757
2970,0.5292210385135423
2971,0.5123908106619461
2972,0.4658106056947404
2974,0.35551328139433686
2975,0.4375881462292095
2977,0.21904536269592445
2978,0.6940387856452215
2979,0.21278535926856967
2980,0.4414418345066176
2981,0.5721628227131439
2982,0.7298569986462874
2983,0.5300926395981703
2984,0.5378212970246574
2985,0.5056806392275534
2986,0.4597554383283694
2987,0.693966288785495
2988,0.6940387856452215
2989,0.43892507923564494
2990,0.48672512404544105
2992,0.3848615776561906
2993,0.7333439152835752
2996,0.674155172008908
2997,0.580075829565424
2998,0.706471274667875
2999,0.4717184362094039
3000,0.5012941296123358
3002,0.6712900809431469
3003,0.7305399543133431
3004,0.6315069112623503
3006,0.707338218843385
3007,0.6013371472378709
3009,0.8072736593935053
3010,0.697746338189953
3011,0.7305399543133431
3012,0.6162292437334319
3013,0.7708551610807438
3014,0.4611567365572404
3015,0.7305399543133431
3016,0.6797260276463359
3017,0.697746338189953
3019,0.7224233517666393
3020,0.6135615036740195
3023,0.6156529025646617
3024,0.36760546843783637
3026,0.7099605295419875
3028,0.3462950599116508
3029,0.4003273195413803
3030,0.3110791407825046
3032,0.6586947528602421
3033,0.45560825336027916
3035,0.7165423267503164
3036,0.7046097945650868
3037,0.7086135411776221
3038,0.7153480104413856
3039,0.7320475448317896
3040,0.7156614984669218
3041,0.45253872929999556
3042,0.3720124355098618
3043,0.7596379506273999
3044,0.7187489227127696
3045,0.8673651330623858
3046,0.43979823737450274
3048,0.3758996906239569
3049,0.49906452154540515
3050,0.4633564141481849
3052,0.4202114626288575
3053,0.5396077113259617
3054,0.5066092623394981
3055,0.646037854124442
3056,0.43548269395927347
3057,0.5840391510171106
3058,0.47175144436361827
3059,0.40984286160999334
3060,0.6121002490155454
3061,0.5452652716187831
3062,0.411357722690463
3063,0.47153772488297774
3065,0.4222192102841214
3066,0.4533756802197361
3067,0.4776275594403853
3068,0.5753218066704768
3069,0.4917540758667207
3072,0.38644435020812484
3073,0.4422147357863859
3074,0.6511908414048424
3076,0.19251511772096275
3078,0.6254776165293542
3080,0.40174514639217046
3081,0.42825037626117396
3082,0.6389784582079
3084,0.6515782333371469
3085,0.6125417815342054
3086,0.5593185254044803
3087,0.598620372546708
3088,0.3891848134772406
3089,0.3570936038371264
3091,0.39854511482573796
3092,0.38700164417688726
3093,0.5675941520575976
3094,0.5236548017375808
3095,0.49858859924551624
3096,0.5400503814362224
3100,0.3936432055400097
3101,0.7141730476716758
3102,0.7198833279882706
3103,0.3433964129041008
3104,0.6819848332439563
3105,0.5813748166178179
3106,0.5260006618411635
3107,0.7675214859013717
3108,0.6374250598692731
3109,0.5654249752822957
3112,0.7121465708365147
3113,0.5524709334012907
3114,0.6467387916109181
3115,0.5669476376937256
3116,0.4832640331070016
3117,0.3833688326857715
3118,0.5332019417563709
3119,0.5444169702332786
3120,0.5413725192320428
3121,0.5595153692718206
3122,0.5844120573700963
3124,0.5707549635651891
3125,0.5783991221892364
3126,0.698725735897699
3127,0.5898554938028676
3128,0.5981018196819821
3129,0.5707549635651891
3130,0.5707549635651891
3131,0.5927786363242248
3133,0.6278690523956426
3134,0.623924361267866
3135,0.5892634907545348
3136,0.5935155774283445
3137,0.5935155774283445
3138,0.5898554938028676
3139,0.5935155774283445
3140,0.568746940588922
3142,0.6003075153209649
3143,0.5926217331559819
3144,0.553696626214279
3145,0.4409244402157165
3146,0.7210114428092373
3147,0.5672335587846797
3148,0.5672335587846797
3149,0.6252728197072766
3150,0.4915357520519285
3152,0.5263259778081134
3153,0.5263259778081134
3154,0.5387610859367602
3156,0.5141795735180057
3157,0.6176105136056822
3158,0.4275369150484504
3160,0.4878568505726683
3162,0.49342764027590436
3163,0.5242495481122512
3164,0.590536783968744
3165,0.5127140190521098
3168,0.5305362015149357
3169,0.49209257637316883
3170,0.5690969443421451
3171,0.5260162244676855
3172,0.5501713361345548
3173,0.5832150679534143
3174,0.6457255249760366
3177,0.6981288064401474
3178,0.48521552388916744
3179,0.5675336438134028
3180,0.7258292477467755
3181,0.5907495218473235
3183,0.712476005506134
3184,0.5861877676391191
3185,0.6981288064401474
3187,0.6646501347528445
3188,0.6646501347528445
3190,0.7289162489416243
3191,0.4954341928272636
3192,0.6990833887690234
3193,0.5135387283750497
3194,0.527545983130144
3195,0.47811543428490233
3197,0.5811231775850052
3198,0.5711330417191688
3200,0.5146746140932847
3201,0.5387385615309728
3203,0.35545488114933005
3205,0.43834061173122485
3206,0.3833784982093264
3208,0.3366274022934447
3209,0.40869763000240916
3210,0.5836267285455791
3212,0.65592753869337
3214,0.707477573164689
3215,0.5605774372929989
3216,0.6209392365492714
3217,0.6293928730657059
3218,0.552988297382357
3219,0.5372731956122985
3220,0.808797519981674
3221,0.793481263030769
3222,0.6593877402138105
3224,0.5277502845411788
3225,0.7862520397501115
3227,0.3844248369569305
3228,0.4208750171595793
3230,0.640091141512443
3231,0.4208750171595793
3232,0.6919968460984672
3233,0.5902357487407222
3234,0.2694017972413151
3235,0.8418543080028671
3236,0.8717524200853386
3237,0.5064086875599473
3239,0.7577767998218039
3241,0.3226913120607161
3243,0.5567984658667797
3244,0.6667809010846688
3245,0.6635820958272788
3246,0.7700490598046565
3248,0.628256575289036
3249,0.650337461002795
3250,0.6474432182846878
3251,0.5505012883678242
3253,0.5678759798383103
3254,0.5642183359905645
3255,0.49724765030521323
3256,0.5277125581496098
3257,0.5221428919042156
3258,0.36941869160623936
3259,0.5255391718932932
3260,0.5416537282938001
3261,0.5758887981822025
3262,0.6487593338612533
3263,0.5720725648929218
3267,0.5263206745876968
3268,0.38685774172123055
3270,0.442942965000912
3271,0.523582985225906
3272,0.523582985225906
3273,0.48720154179466235
3274,0.527245293061035
3275,0.38111235321405074
3278,0.6042142883284966
3279,0.5736717201282204
3281,0.5006790033415192
3282,0.593827364241825
3283,0.3896821623973632
3285,0.5239724600616754
3288,0.41798924237987933
3289,0.4878624648846315
3290,0.48813729758772606
3291,0.47821085193790064
3292,0.4487012815011169
3293,0.6405546461217593
3294,0.29386701446038677
3296,0.4086083473483745
3297,0.8260819903760718
3298,0.5366880878030262
3299,0.7601055228802631
3301,0.361752441734102
3303,0.7088921854898745
3304,0.5224786634999598
3305,0.2063695324705983
3306,0.4190175140886896
3307,0.519663272480008
3308,0.5801544534932622
3309,0.6820403891979189
3310,0.7481430935820024
3311,0.45290363237552045
3312,0.4127992734155231
3314,0.43273396003823494
3315,0.3419963182136282
3316,0.2595998952846864
3318,0.371197804950792
3319,0.35451377877731516
3320,0.17455386255756677
3321,0.4461101580674578
3322,0.3516472251349108
3323,0.4170818894709447
3324,0.35347385379634566
3325,0.35248506683703323
3326,0.34861061870353927
3327,0.35248506683703323
3329,0.34861061870353927
3330,0.33945962023496923
3332,0.3804868452852296
3333,0.274331458207632
3337,0.5358118638923758
3338,0.6507136973794447
3340,0.21733269705042152
3341,0.6445545165046918
3342,0.5825222780357394
3343,0.6712554152726856
3344,0.7457958276575697
3345,0.634460098452888
3346,0.3655311473255248
3347,0.4139765600352619
3349,0.3843663109468921
3352,0.34048566075888753
3354,0.30068388668619517
3355,0.37659266707921907
3356,0.41814478670153665
3357,0.41814478670153665
3358,0.43119147137284913
3361,0.37967192062220606
3362,0.3470235493922848
3363,0.5293994579688104
3364,0.36636385190319704
3365,0.43613659225343704
3366,0.43119147137284913
3367,0.5769012160318118
3368,0.5769012160318118
3369,0.3731193571212641
3371,0.43119147137284913
3372,0.43119147137284913
3374,0.33564028358355014
3375,0.44417747739302077
3376,0.3827679159022716
3377,0.43119147137284913
3378,0.3731193571212641
3379,0.49741056372333914
3381,0.5687091792249769
3382,0.5124921509072905
3383,0.4759618894064656
3384,0.5196979202272609
3385,0.46499980849790623
3386,0.49741056372333914
3387,0.3163141707322504
3389,0.4938908027383992
3390,0.28115144949531395
3391,0.2785533850622061
3392,0.4034235799119178
3393,0.400714326094284
3394,0.4118327043197599
3395,0.4339655401492564
3396,0.3731400618934491
3397,0.32539312685437327
3399,0.30598064874929665
3400,0.27830958920631815
3401,0.24336191227122314
3402,0.24761518776271205
3403,0.6334336900704878
3404,0.3439794017332358
3405,0.3156052616486592
3406,0.3445525335017274
3407,0.25135364374358415
3408,0.3784402501837346
3409,0.5723838906937226
3410,0.37882216667230134
3411,0.5547875752236345
3412,0.479851461791527
3413,0.4912889538780442
3415,0.5261614976509054
3416,0.6311777211364366
3417,0.3287443714287145
3418,0.31611400571105575
3419,0.4302954817022274
3420,0.4302954817022274
3421,0.4369332751854655
3422,0.3967522133371671
3423,0.4434111594930026
3424,0.3494176306110934
3425,0.37460720476187137
3426,0.5941354417342689
3427,0.729930159609145
3428,0.6131149461329667
3430,0.34051422986363616
3431,0.3352402250140328
3432,0.31299788450386634
3433,0.3469133342691202
3434,0.35695894478830076
3435,0.318768488716763
3436,0.3268714550280042
3437,0.33622159206570074
3438,0.33622159206570074
3439,0.35493094574684225
3440,0.3019938628238268
3441,0.2603550659849397
3443,0.35493094574684225
3444,0.42717569519873827
3446,0.391017127839119
3447,0.3135073666122703
3448,0.4156833535166563
3449,0.33388287788791604
3450,0.38257363279399226
3452,0.5534103587736603
3453,0.32978800837063216
3454,0.366703821552303
3455,0.3588186764543555
3456,0.4251986353263588
3457,0.33807014286498516
3458,0.4521080904476153
3459,0.32546196142776973
3461,0.33211335680568466
3462,0.47609191729477557
3463,0.3763094693586229
3464,0.3588186764543555
3465,0.40621569540037133
3466,0.3763094693586229
3467,0.3708615883449621
3468,0.4124162884886655
3469,0.29109334848457746
3470,0.30694418430209836
3471,0.4376165211189528
3475,0.42001339382463926
3476,0.2419533560469298
3477,0.43367003295979684
3478,0.6510899700994849
3480,0.6055137356933444
3481,0.6845302284029686
3482,0.6019957180112258
3483,0.6359063061825222
3484,0.6055137356933444
3487,0.2911479730794031
3488,0.4774838709465764
3489,0.4707290991923528
3490,0.6042782315700542
3491,0.44180753899092035
3492,0.5839588864862783
3493,0.5458925043767611
3494,0.6807727930490242
3495,0.6068805619586566
3496,0.4262407332586861
3497,0.4884325615389399
3499,0.5527370951597648
3500,0.6003330292130916
3502,0.5863327048159164
3503,0.6490992198263672
3504,0.6994160307626078
3505,0.7238494231886097
3506,0.769971920777761
3507,0.7047796321824739
3508,0.7191617174963219
3510,0.641522060005176
3511,0.6531583494150214
3512,0.26646724390988663
3513,0.5309185806295843
3514,0.31440553484392864
3515,0.5044081738674379
3517,0.7289892679389303
3518,0.39196293756690065
3519,0.6203773287006521
3520,0.7098474222939276
3521,0.4701723217677742
3522,0.7082536689684789
3523,0.7129766181436001
3525,0.626677712885268
3526,0.626677712885268
3527,0.7206289986423996
3528,0.7790095027625935
3530,0.6920067249951939
3531,0.6976947215530744
3532,0.6900899445388871
3533,0.5580501279066076
3534,0.7828865721096456
3535,0.3616371274801174
3537,0.6017403527366144
3540,0.7360703705601741
3542,0.7191297426594446
3543,0.7127822075033722
3544,0.6846118830591772
3545,0.7191297426594446
3547,0.7191297426594446
3548,0.6824259006708581
3549,0.7031241770416483
3550,0.7315003296096209
3551,0.7315003296096209
3552,0.6846118830591772
3554,0.7122608886805835
3555,0.49242992831755544
3556,0.626677712885268
3561,0.4458405248574776
3563,0.3463135376260672
3565,0.6493697112857867
3566,0.15590306845656857
3567,0.16626854554433548
3568,0.1487349290756997
3569,0.5194823373920684
3570,0.7546085441137376
3571,0.26485719363427507
3572,0.19822474108703764
3573,0.2579101818567178
3574,0.3767152569753099
3575,0.3625958083221996
3576,0.26714771308013463
3578,0.23272676320587452
3579,0.41815835222861175
3580,0.31046945325838377
3583,0.16232251659433783
3584,0.6245673156669623
3585,0.4058406105815259
3586,0.6257473005341074
3587,0.6638009868242962
3588,0.6942240586797024
3591,0.3627636288552365
3592,0.4873390995185318
3594,0.46994798531417825
3595,0.6751876425156382
3596,0.8372871786663382
3597,0.6764201433353945
3599,0.6604067336408689
3600,0.7299626979516479
3601,0.7299626979516479
3602,0.6220054335731479
3603,0.4631405851397036
3604,0.565800564655148
3605,0.3372814935623874
3606,0.44910266776017943
3608,0.46999684916277096
3609,0.517291117154135
3610,0.5526731043628674
3611,0.5085317996114286
3612,0.5479563361685702
3613,0.362835502525026
3614,0.45104999330539913
3616,0.40743205516766895
3617,0.7450652495947623
3618,0.7265794194827526
3619,0.6484427613875358
3620,0.5584460079707799
3621,0.647481047031557
3623,0.29032820900282774
3624,0.19745995803417588
3625,0.30838984603498826
3626,0.6396405350720222
3627,0.6295122479148895
3628,0.7047643534964234
3630,0.6337033467399574
3631,0.6472086545657926
3632,0.6318740167970859
3633,0.6494114509736273
3635,0.6775143631004602
3637,0.6446138943552082
3640,0.5990033517777601
3642,0.5209430263698377
3643,0.45608632575179114
3644,0.5296723173781284
3646,0.4976697910967755
3647,0.3921851628445363
3648,0.3793184561213828
3649,0.41567981030199447
3650,0.34958166963912213
3651,0.4305627871856917
3652,0.46809517472369205
3653,0.4587477365780227
3655,0.4931102221707218
3656,0.46509422563610936
3658,0.5087761407841099
3659,0.6269677188676877
3660,0.4842142855255627
3661,0.5135267053673435
3662,0.1366466742089772
3664,0.38273302635635625
3666,0.37586201467576313
3667,0.3411563226165532
3668,0.3920935062615609
3669,0.36811367516781907
3670,0.36420374825795104
3671,0.37191822858663465
3672,0.36638994045611817
3673,0.385934081440578
3674,0.39590754657619287
3675,0.35543339909540217
3677,0.36638994045611817
3678,0.3661809257655193
3679,0.6275294234921865
3680,0.37207499892317764
3681,0.3630001879791531
3682,0.21797971032518815
3683,0.36521738404660536
3684,0.49294767544943735
3685,0.7286158979192067
3686,0.5634408674694402
3687,0.3755162989132904
3688,0.4420721480019254
3690,0.7854279399739892
3691,0.44990825277338686
3693,0.5946159489128553
3695,0.4449263598114136
3697,0.34968466766868
3699,0.4349563145325166
3700,0.2590581240266987
3701,0.3794792247969481
3703,0.40751165944377465
3704,0.5685594337514781
3705,0.4290609770940766
3707,0.37920965998891754
3708,0.252852850729654
3709,0.3383736082085076
3710,0.3434508048842712
3711,0.4339559652680735
3712,0.2874101787125114
3713,0.2874101787125114
3714,0.5157163568915897
3715,0.39166594015085354
3716,0.43693714541894424
3718,0.2534555591194138
3720,0.22625706422304548
3721,0.34058954309840267
3722,0.5107304668370858
3723,0.4977633773647276
3725,0.47196059936351664
3728,0.628046306126184
3729,0.33848918345432155
3730,0.598591801093051
3731,0.5749071722377141
3732,0.4087784312125946
3733,0.23100492827903057
3734,0.24381439484435943
3736,0.47155485267897046
3737,0.715676914978385
3738,0.33305527296296006
3739,0.8234409406176427
3741,0.6328008471001249
3742,0.2668563846093142
3745,0.34460383753868606
3747,0.29985401110736504
3749,0.42293461862369436
3752,0.09350949705300661
3753,0.22785263569015268
3754,0.3481976555419814
3755,0.3094413913484695
3756,0.39729665280693316
3758,0.44068418212513477
3759,0.3349511532666125
3760,0.3647048769080295
3761,0.3716055756753042
3762,0.3439344250528604
3764,0.2640290615167045
3765,0.31086562280490126
3766,0.4623876361981352
3768,0.4157872359749386
3769,0.09102612090289355
3770,0.22550980909510818
3772,0.3186742678017151
3773,0.4758615221702187
3774,0.40372111013408707
3776,0.661714031340118
3777,0.6485070981176058
3778,0.6328256370132431
3779,0.6989529195669758
3781,0.19624392621506415
3782,0.24760297678939552
3783,0.6869687004884345
3785,0.2797567950665091
3786,0.39159251455037297
3787,0.29795150404360765
3788,0.33412498347304287
3789,0.2797567950665091
3792,0.283715206408822
3793,0.2797567950665091
3794,0.26844737618683717
3796,0.5870398284547187
3797,0.4222035615781331
3798,0.4310155468392912
3799,0.5382595045012117
3800,0.36873708822543005
3801,0.3688851126065259
3803,0.2599927548442646
3804,0.34910777181704933
3806,0.31093715591185367
3807,0.3092700948820367
3808,0.283715206408822
3810,0.23157542076821933
3811,0.23157542076821933
3812,0.2600659199331784
3813,0.2750025225638675
3815,0.2779998709708137
3816,0.20389771128443462
3817,0.3001115964726023
3818,0.2581503790981933
3821,0.14482346440630267
3822,0.20874693418904808
3823,0.25040192370016895
3824,0.24831741627798617
3825,0.21675176527719542
3827,0.21290613081215495
3828,0.26058387736364236
3829,0.26058387736364236
3830,0.2599927548442646
3831,0.30788231444300046
3832,0.283715206408822
3834,0.2797567950665091
3835,0.2797567950665091
3836,0.3643489499723728
3837,0.31549529763497575
3838,0.29369830333433566
3839,0.31498424016679855
3840,0.3348479118932597
3841,0.3529687088374864
3843,0.29795150404360765
3844,0.31549529763497575
3845,0.3529687088374864
3846,0.3529687088374864
3847,0.5955950283323508
3848,0.617950892981516
3850,0.5850781909367804
3851,0.42859404968005654
3854,0.22839075222249175
3855,0.23068957669008036
3856,0.5872660736998776
3857,0.49713699989485527
3858,0.524916144170248
3862,0.4871933634687888
3863,0.24508416645146397
3864,0.22224986466016303
3866,0.26271402581330977
3867,0.2414021037606457
3868,0.2248217994252514
3869,0.24784904354957457
3870,0.30606652788208066
3871,0.2820554954796478
3872,0.5645271945560181
3873,0.4669429676305399
3874,0.28738777438292307
3875,0.35300883750764783
3876,0.5845953275264132
3877,0.601432472696972
3878,0.22742855063040807
3879,0.1581876073922753
3880,0.1434239514460856
3881,0.6465911270813554
3882,0.3362093952976013
3883,0.6640482298650223
3884,0.5569710334711427
3885,0.5815353340822431
3886,0.6654027475074866
3887,0.5800136695596982
3889,0.47982145186039193
3891,0.4046336782218219
3893,0.3993453437478554
3894,0.3266178954093903
3895,0.34219981453472226
3896,0.16722753213908115
3897,0.21285199802151886
3899,0.13914808728342298
3900,0.3476535709474854
3902,0.606763017309469
3903,0.6225486625961401
3904,0.6848857590349526
3905,0.7591004212015016
3906,0.6342473842487502
3907,0.7253702844750113
3909,0.465978348644357
3912,0.513134475751223
3914,0.5905704434097285
3915,0.7997730895614472
3916,0.4871893939091616
3920,0.6758583631087747
3921,0.6575616825426701
3922,0.6758583631087747
3923,0.5836283711011893
3924,0.5678824547577512
3925,0.515688782493755
3927,0.7187261548383703
3928,0.7478831466570519
3929,0.7506125549038474
3930,0.49410555661992106
3931,0.46866178753470106
3933,0.4846717145054362
3934,0.5581163444483952
3935,0.4374618213121692
3936,0.5513337038634665
3937,0.32259753054410406
3938,0.3777310429080231
3939,0.618890038022507
3940,0.19218670377558864
3941,0.6281164214975107
3943,0.5887500910704335
3944,0.6510858624612506
3946,0.6510858624612506
3947,0.4546253457098298
3949,0.39074842035628665
3950,0.4988319011569409
3951,0.44522340931669396
3952,0.31939326559371517
3953,0.4013695660051822
3954,0.34351073133716925
3955,0.23297940685344673
3956,0.28102557926352917
3958,0.2834047681341758
3959,0.23297940685344673
3961,0.23297940685344673
3962,0.4206713261750138
3963,0.2788873701690778
3964,0.33840583587132284
3965,0.4090685354469234
3966,0.4831145837968874
3967,0.6615404169404012
3969,0.4778106632680012
3970,0.4462221658163958
3971,0.730941806185321
3972,0.2530893601903624
3973,0.6096204042331613
3974,0.575904654260087
3976,0.287196691195433
3978,0.2680892407727431
3979,0.30396111818966315
3981,0.3481976555419814
3982,0.23793961294237337
3983,0.1483275437778937
3984,0.33657244356577226
3986,0.3223304484389918
3987,0.3645697171847699
3988,0.6043530311338959
3989,0.4441489094862044
3990,0.395680766041636
3991,0.4878014032117261
3992,0.5398476456304039
3993,0.5080907685174424
3994,0.29897397145339843
3996,0.7677869992469194
3997,0.6304593678390533
3998,0.4778106632680012
3999,0.3531189141290158
4000,0.2944582312681661
4001,0.676727127998241
4002,0.6183919065094162
4003,0.5608055324544157
4004,0.5365023004671585
4006,0.24066312877229296
4007,0.5939517261275116
4008,0.7290428650416576
4009,0.3471230860666573
4010,0.6032457337816621
4012,0.6561296646394101
4013,0.6535726079072458
4014,0.635837774160045
4015,0.5126937285117249
4017,0.6168689623759361
4018,0.5339903096906479
4019,0.5150542628074467
4020,0.5583273825696872
4021,0.5624983590929192
4022,0.7728544031048548
4023,0.5587404180138497
4024,0.7685472039729703
4028,0.4910112766587251
4030,0.5638041194935031
4032,0.31907231465531605
4033,0.27770656868022636
4034,0.4778630737688754
4036,0.6245251131075646
4037,0.6398872282110784
4038,0.5329773630657405
4039,0.7068616581120046
4040,0.3679285311920745
4041,0.3476855751477715
4043,0.2310400546548494
4045,0.5553669238085244
4046,0.3885387825918651
4047,0.5987894249495275
4048,0.5519090746684816
4049,0.7016968960469748
4050,0.6275236653775389
4054,0.6171588847522577
4055,0.5984745919637654
4056,0.5678386395614271
4057,0.5867614460340237
4058,0.6307810363728945
4059,0.5349431166179138
4060,0.6437953425388276
4061,0.5867614460340237
4062,0.5518179778254817
4063,0.5421940235365355
4064,0.636646607059572
4065,0.5867614460340237
4066,0.5446326798846699
4067,0.6275236653775389
4069,0.5518179778254817
4070,0.6307810363728945
4072,0.7136105044115961
4073,0.5518179778254817
4074,0.5867614460340237
4075,0.6307810363728945
4076,0.5885155328872
4078,0.5397997991636992
4079,0.6680183511653004
4080,0.5939144509697618
4082,0.6086612887097099
4083,0.6002559948008188
4084,0.6592055172551595
4085,0.5274678911559716
4086,0.6159869157037831
4087,0.596545254301297
4091,0.47175551933741927
4092,0.6616291793968596
4093,0.5341077096721041
4095,0.3411712445025419
4097,0.4758474816100876
4098,0.3996475104716435
4099,0.3996475104716435
4100,0.5185868737868411
4101,0.39855992997111683
4102,0.5827372300766365
4105,0.6032533492866682
4106,0.5756004494171414
4108,0.5678386395614271
4109,0.5678386395614271
4110,0.6143886924881896
4111,0.5540488295418321
4112,0.5389407800324938
4113,0.5678386395614271
4115,0.5543626243837433
4118,0.5152099667064899
4119,0.4905234519309263
4120,0.6567490790254058
4121,0.42025618381425384
4123,0.5152099667064899
4124,0.5152099667064899
4125,0.5152099667064899
4127,0.5380889228787304
4129,0.7027872221602278
4130,0.6259546610047457
4131,0.6863654699131453
4133,0.26869022575544255
4134,0.28869203043657793
4137,0.32327821382756033
4138,0.3358507307873683
4141,0.7951605984563385
4142,0.47722483572691526
4143,0.5096487050154834
4144,0.7034441188141402
4145,0.4105241728258658
4147,0.8131316504599547
4148,0.6463809484332067
4149,0.5707549635651891
4150,0.5031042428840167
4151,0.670758420737631
4154,0.7781042176055633
4157,0.6985558885354636
4159,0.7269503505159498
4161,0.6988707400208353
4162,0.7110891127318651
4163,0.7121839249868241
4164,0.7251135364216722
4165,0.7421598592343652
4166,0.7121839249868241
4169,0.7276225734405658
4170,0.6774007448143923
4172,0.8028018599997128
4173,0.7217011096719423
4174,0.7434157031974468
4175,0.6902494368461771
4176,0.582969722155718
4177,0.4991338330102571
4178,0.7487298681128206
4179,0.5356896055229979
4181,0.7487298681128206
4182,0.5917870419080652
4183,0.7076774301850345
4185,0.38226124560991076
4186,0.6883089922576129
4187,0.6883089922576129
4188,0.46381571160780716
4189,0.3153596402089638
4190,0.3015571695827542
4191,0.4486666387567517
4192,0.6530673865421165
4194,0.5268650950441308
4195,0.3659131149121158
4196,0.3971333304811565
4197,0.5054150269662893
4198,0.5770617924348144
4199,0.49944378541093604
4200,0.6067503134803939
4201,0.5746068849587489
4202,0.5603653292141454
4203,0.5746068849587489
4204,0.5798204338112765
4205,0.5734827297040179
4208,0.4928479490120671
4209,0.4928479490120671
4210,0.5159903850823239
4211,0.44074976561959517
4213,0.5207553481349783
4214,0.4831055552062614
4215,0.5529235574902928
4217,0.3543982651045554
4218,0.8148151875393119
4219,0.6788330713776547
4220,0.8510644887005716
4221,0.7593359610100081
4222,0.6770396839212485
4223,0.7642804474726731
4225,0.7977974033049336
4226,0.6153188471107564
4228,0.7736676043334291
4230,0.48991933865832166
4231,0.7932583796385555
4232,0.5296570948608288
4233,0.3788585735490917
4234,0.571186540403796
4235,0.49208940783006383
4236,0.6079149474189877
4237,0.6929984517094957
4238,0.16021837029072433
4239,0.5598948342881613
4240,0.5807504390216623
4241,0.47818232498086694
4242,0.5238847252966577
4243,0.5445189329185084
4245,0.3580772479171561
4246,0.42245145544106
4247,0.38554893941240864
4248,0.38554893941240864
4249,0.4126926072131652
4250,0.5433335783336545
4251,0.43801409684375736
4252,0.5433335783336545
4253,0.4980450004779443
4254,0.38554893941240864
4255,0.5143762357531211
4256,0.5341073201528503
4257,0.4017159003008073
4258,0.38103832910700813
4259,0.3535417687010092
4261,0.29897397145339843
4262,0.5038579098678999
4263,0.46294743993764603
4264,0.4842671340242598
4265,0.40886619054637086
4267,0.5182396527480442
4269,0.3375452203464469
4270,0.7781246048094982
4271,0.6182479531301891
4274,0.812320933961696
4275,0.790032604316599
4276,0.7759660693831358
4277,0.7159535379826902
4280,0.5852756808954258
4281,0.6890646912645226
4282,0.5547875752236345
4283,0.36211935478650487
4285,0.383653227778424
4287,0.36211935478650487
4288,0.383653227778424
4289,0.47426153774365926
4290,0.383653227778424
4291,0.40114952133272064
4292,0.5906006701988937
4293,0.621750958794854
4294,0.5852756808954258
4295,0.592893718269084
4296,0.39749889038165226
4297,0.4274923109909044
4298,0.36211935478650487
4299,0.4274923109909044
4300,0.39749889038165226
4301,0.5451287573086853
4302,0.47032662637434475
4303,0.4350695264072721
4304,0.565800564655148
4305,0.5169153985137803
4306,0.8272193961353405
4307,0.4765564320516921
4308,0.38552021851232393
4309,0.34102072789506566
4310,0.45902636340170216
4311,0.47371769863334473
4312,0.5281103478034425
4313,0.4677571009471006
4314,0.4721748106050611
4315,0.45283426084014416
4316,0.4034919015466275
4318,0.5438917297094599
4319,0.6363737396384614
4320,0.5766119591293049
4321,0.5428029766635994
4322,0.4537657008110162
4323,0.5219480892876175
4324,0.4350695264072721
4325,0.4711433677770939
4326,0.5421682152796692
4328,0.36858502729063275
4329,0.543028905266752
4330,0.510718039543502
4331,0.2414307841902644
4332,0.5578558850582074
4333,0.24480809744562407
4334,0.5082289157264395
4335,0.2520205909954462
4336,0.33865421909920257
4337,0.34099650221794164
4338,0.3396970087346639
4339,0.3279867525218737
4340,0.35218354871815827
4341,0.3366649456788304
4342,0.6082222676095229
4343,0.4967101837684743
4344,0.5433901255755901
4346,0.492217635320308
4347,0.45248529784785313
4353,0.43789007041591027
4354,0.34874357786049404
4355,0.6785638625918935
4356,0.571624104677138
4357,0.560877979915566
4358,0.45865424706705155
4359,0.3770298105441912
4360,0.3740739133564454
4361,0.3104395026296196
4362,0.32705668200394095
4365,0.6385859580363661
4366,0.42944443054625275
4369,0.6788330713776547
4371,0.6088881359873365
4372,0.37812490431495205
4373,0.47631067131451665
4374,0.3930917893228405
4375,0.5827932736826679
4376,0.5885410933840985
4377,0.655249412043439
4378,0.6224902057206221
4379,0.5913883265226243
4380,0.5773564070675107
4382,0.46237913838158823
4383,0.4626176033245386
4384,0.5903023334754421
4385,0.5788015775765821
4386,0.5442516462943753
4387,0.6249030290656412
4388,0.5356892576736791
4389,0.5408869399020363
4390,0.5873261106197646
4391,0.662979278202987
4392,0.6369053604062285
4393,0.6369053604062285
4394,0.42090450699398224
4398,0.43189194257886415
4399,0.29378661361065267
4400,0.5110131830394874
4402,0.5548038864515856
4403,0.5981471613575726
4404,0.5681274267364055
4405,0.6357612969112774
4407,0.574386183767312
4408,0.5467017571281445
4409,0.38685853301550205
4410,0.635444692327583
4412,0.562553393961199
4413,0.47063759157555735
4414,0.378830871651806
4416,0.20990965430987135
4418,0.7630189542612016
4419,0.8070144896786022
4420,0.8588073925336874
4421,0.8281951712375716
4422,0.8281951712375716
4423,0.7630189542612016
4424,0.7630189542612016
4425,0.869023970773205
4426,0.7947909474862876
4427,0.8436539272709169
4428,0.832179645293655
4430,0.8570194369608575
4431,0.8643503063696707
4432,0.7630189542612016
4433,0.869023970773205
4434,0.7782547528156525
4436,0.4653647955241365
4437,0.4653647955241365
4438,0.3712466694277911
4439,0.2503557421955381
4440,0.3620153298060856
4441,0.7230630414356032
4442,0.7056065378356899
4443,0.5350340190000054
4444,0.7056065378356899
4447,0.4446264426456617
4448,0.47678960579139873
4451,0.5665051201601128
4452,0.5484793495754943
4453,0.3899275042472002
4454,0.5387122815838348
4455,0.5410067307965901
4456,0.4112380017998709
4457,0.44130364259837845
4459,0.5139852503402658
4461,0.5212290281336057
4462,0.3504251170349674
4463,0.3279867525218737
4464,0.3720701771870736
4465,0.5661423796439067
4468,0.3688772592145658
4469,0.35573636447768264
4470,0.3148744721407834
4471,0.35192202551536117
4472,0.46481911004371573
4473,0.38392806868720347
4474,0.3302122966333122
4475,0.412229941981505
4476,0.38266824829324386
4477,0.5268650950441308
4479,0.5569710334711427
4480,0.5268650950441308
4482,0.6293550238330509
4483,0.49936931492078385
4484,0.3891848134772406
4485,0.4973127642479521
4486,0.3585715254629269
4487,0.23999159502491782
4488,0.30920165009757805
4489,0.2857145310655988
4490,0.2969390292251342
4491,0.2740741465091683
4494,0.2766555003182883
4495,0.2740741465091683
4496,0.2766555003182883
4497,0.2692553534674088
4498,0.26941958261403237
4499,0.2983651109281009
4500,0.2826714247953511
4501,0.26752661238485403
4503,0.24992499037214108
4504,0.26791281964262526
4505,0.2670435222448012
4506,0.3983508560035858
4507,0.5177012590616784
4508,0.45247811786312725
4509,0.40856925897835367
4510,0.4123568438361447
4511,0.49541929873884477
4512,0.46242021458220706
4513,0.49426680897177233
4514,0.30350809274718266
4515,0.3392099507774075
4516,0.28115144949531395
4518,0.42890968791514084
4519,0.4028230393559835
4520,0.39125389896957846
4521,0.37340441350849757
4522,0.31525218613596384
4523,0.4517726135059228
4524,0.6790573560053765
4525,0.6829361948773378
4527,0.48286532723463066
4528,0.5315777544700986
4529,0.499876237295147
4531,0.43454844251666086
4532,0.37630316861923613
4533,0.38076540998554487
4535,0.2933417605918725
4536,0.35611602494274525
4537,0.48058646951573125
4539,0.3191132396862332
4540,0.2889154469686516
4541,0.31344160101221824
4542,0.2464216663300582
4543,0.28393228691785083
4544,0.26338898510531655
4545,0.37110918582526714
4546,0.3233015095000922
4547,0.3162563758422394
4548,0.3414189973291692
4549,0.3375935615117443
4550,0.29216165151227974
4551,0.3162563758422394
4553,0.3103185285123401
4554,0.49400186042853883
4555,0.49400186042853883
4556,0.44603663756010287
4557,0.35593493227388884
4558,0.33374805773990923
4559,0.4358362033351794
4560,0.37089419436746396
4561,0.7956684444032995
4562,0.7922341899036055
4563,0.4891644006870588
4564,0.4968862211498744
4565,0.5514170714399458
4566,0.5621911735501863
4567,0.5699278362103154
4568,0.510142683709232
4569,0.5249897947448708
4570,0.5082947845033466
4571,0.5458540941663871
4573,0.34289305341320486
4574,0.5559517248173838
4575,0.5202829018031819
4576,0.339787814969343
4577,0.42144355688197327
4578,0.4909264503579155
4579,0.4554320544979912
4580,0.3423740519236407
4581,0.37133201393666526
4582,0.21682896384585887
4583,0.665527638263711
4584,0.5500159538442627
4585,0.4599207210514066
4587,0.5173221584887701
4589,0.5237439504739726
4590,0.5313488245024847
4591,0.5409165266344484
4593,0.5399139844057944
4594,0.6471667449654389
4595,0.567494992165828
4596,0.42414240907104656
4597,0.3473537535087483
4598,0.5255097527627507
4600,0.32474925139872923
4601,0.24127921991354165
4602,0.2670127618616613
4603,0.2534108771456536
4604,0.18989288813659275
4605,0.2670127618616613
4606,0.5404424805157662
4607,0.5341073201528503
4608,0.5374775670342476
4609,0.47039006518165166
4610,0.5458540941663871
4611,0.5446326798846699
4612,0.5268650950441308
4613,0.5042099507523528
4614,0.47419607354085846
4615,0.5088556690344992
4616,0.4603964665095029
4617,0.8824154959984021
4618,0.9113830859731715
4620,0.9044394175686654
4621,0.5517941978886555
4622,0.5621911735501863
4624,0.39629409914467284
4626,0.3675724297678629
4628,0.6487753703833075
4629,0.616630116980751
4630,0.4978662395011703
4635,0.45766618458798786
4637,0.5024304754202621
4638,0.46232652520411327
4639,0.4796550383777118
4640,0.5725604724441823
4643,0.5473153643974825
4644,0.7529289969533043
4645,0.737297986727044
4646,0.5391938772228517
4647,0.7565346814715442
4648,0.4725345917003607
4649,0.5377740204447903
4650,0.40407167102701225
4651,0.4982362382295143
4653,0.5632976737162088
4654,0.6069173539380373
4655,0.6961460249703039
4656,0.5766863584987204
4657,0.4175572394553994
4658,0.4168900695454885
4659,0.30587150977992117
4661,0.6115503017426739
4662,0.660918085640004
4663,0.8297152546549099
4665,0.6635330987531802
4667,0.5187249620182427
4668,0.5289861633543568
4669,0.4866855045112969
4670,0.5451455007539651
4671,0.5030853505183845
4672,0.4581513377388608
4673,0.4831145837968874
4675,0.3263988431290367
4676,0.5289861633543568
4677,0.5489401697694664
4678,0.7610511603046298
4680,0.7054647906591068
4681,0.7250063564896209
4682,0.7378216686546114
4684,0.6730905084012904
4685,0.4123676142409312
4686,0.732693319329617
4687,0.44592549734835746
4688,0.6810426378882618
4689,0.6315744394687017
4690,0.776095606440392
4691,0.7228755851536467
4692,0.7228755851536467
4693,0.4850330306479533
4694,0.7018648328233682
4696,0.6182603579844321
4697,0.5746048424475527
4698,0.6270075841351181
4699,0.5799958449209188
4700,0.6109432956714268
4701,0.2837291605445243
4703,0.34937137775835714
4704,0.3924718084776659
4705,0.5140291229761293
4706,0.6451086949848337
4707,0.37805433310680514
4709,0.6107949015556031
4710,0.43159285155912297
4711,0.5936738322402213
4712,0.27157596878307755
4713,0.37802851515879
4714,0.4940585469024561
4716,0.6163188608644671
4718,0.6556612901736025
4719,0.6480452708246704
4720,0.45719252827197143
4721,0.4620908888437234
4722,0.3685375947290125
4726,0.35900570938985393
4727,0.42705386890434494
4728,0.8270956854745326
4729,0.4721748106050611
4730,0.370213395293601
4731,0.5489963094404726
4732,0.4599340738180561
4735,0.37713305134102665
4736,0.3470782111586673
4737,0.3544704316840365
4739,0.3924730047664064
4740,0.40287634275608636
4741,0.37268991713736654
4742,0.37713305134102665
4743,0.36813924227080064
4744,0.3732084452463236
4745,0.3092700948820367
4746,0.3690441741074319
4747,0.37713305134102665
4748,0.3905208760846695
4749,0.40627832820912135
4750,0.7547309970357872
4751,0.3183991810206531
4752,0.461638434803333
4753,0.4269895156758252
4754,0.3205588734304679
4755,0.3562803412842286
4756,0.4658640059638091
4757,0.4806866211995831
4760,0.34772699207796354
4762,0.4070409606525835
4763,0.5016073887357372
4765,0.6331353160160822
4766,0.40513016201142205
4767,0.5006617904093482
4768,0.3644451293844018
4770,0.22227399993330577
4771,0.3380735929910684
4772,0.5508938928446594
4776,0.6039797463802223
4777,0.6887923439831908
4778,0.5842476140839603
4780,0.5270269416663349
4781,0.478927021472008
4782,0.5009185506412057
4783,0.5331520098781205
4784,0.41118278407169506
4785,0.34150867246883143
4787,0.35457529575726165
4788,0.25950134737235064
4789,0.36413323558100597
4790,0.5357421374051315
4791,0.5707537268478583
4792,0.7922910277096337
4793,0.7692592841937469
4794,0.761460483500372
4795,0.6991731724036965
4796,0.8184078699892453
4797,0.2925919446849897
4798,0.35018143865504997
4799,0.4025430562096238
4800,0.2940338423559575
4801,0.7094693852686601
4802,0.6905704751834805
4805,0.529439190381599
4806,0.8292786190529813
4807,0.4175456359725094
4809,0.5486644013681414
4811,0.5543626243837433
4812,0.36829349646580506
4814,0.5010968244336546
4815,0.465731525245016
4817,0.7057507960512777
4818,0.7043034951076547
4820,0.2971988190667585
4821,0.23057275549480213
4824,0.23740152354028535
4825,0.5426380000756517
4826,0.3827228754172319
4827,0.36738636938896724
4828,0.22779597507765914
4829,0.2475523076788606
4830,0.2746220583532
4831,0.3283346541730937
4832,0.3157879150647955
4833,0.36728253770097763
4834,0.41018146269170314
4835,0.6058119461548949
4836,0.5916970553758587
4838,0.3491225015143888
4839,0.33016971405151624
4840,0.5014306161721223
4842,0.5069313559151966
4843,0.7067860814915057
4844,0.7399365647009928
4846,0.2726396666858901
4847,0.3100191464593083
4848,0.3124910756829891
4849,0.2668782493137266
4850,0.2697902576473382
4851,0.23150553864012624
4852,0.2697902576473382
4853,0.47237354337087856
4854,0.26622394908106684
4855,0.25956021486932324
4857,0.25956021486932324
4858,0.4185092739773182
4859,0.41810372127817547
4861,0.7056065378356899
4862,0.4742660072508053
4863,0.45856353445922216
4864,0.6552729383315965
4865,0.6520174017603131
4866,0.6713428874953326
4867,0.6552729383315965
4868,0.7407611635362198
4869,0.5017788240717413
4870,0.532523055449766
4871,0.7299963302686967
4872,0.40736576592206236
4873,0.7965321932425976
4874,0.6403931577634091
4875,0.6403931577634091
4876,0.40045862977024077
4877,0.30972801118005316
4881,0.24728096199008334
4883,0.37591089833523306
4884,0.2440153123370359
4885,0.31813456203890245
4886,0.537906177503629
4888,0.6560495618919662
4889,0.5941908843832184
4892,0.6627880109574644
4893,0.5891875179869915
4894,0.44454360443938334
4895,0.5287751321605173
4896,0.6568769340801844
4897,0.6403931577634091
4898,0.5694527008836807
4899,0.29234242936785754
4900,0.430953240379863
4901,0.3855931317246227
4902,0.6044025792710305
4903,0.33647340745713894
4904,0.6403931577634091
4905,0.589991927867116
4906,0.5507530528329038
4908,0.6534382814153136
4909,0.6857160396087714
4913,0.7099473956087701
4915,0.7230630414356032
4916,0.7056065378356899
4917,0.7230630414356032
4918,0.6713428874953326
4919,0.6713428874953326
4921,0.7230630414356032
4922,0.6788330713776547
4923,0.6788330713776547
4924,0.7174582762480304
4925,0.6883089922576129
4926,0.5532738952023865
4927,0.6857160396087714
4928,0.59061790274007
4929,0.6444273015374138
4931,0.5095937522145074
4932,0.48776872088469087
4933,0.5849852740694939
4934,0.7230630414356032
4935,0.6883089922576129
4936,0.6436249215405416
4938,0.28311391149468035
4939,0.2582394375028874
4940,0.25331657792221896
4941,0.28311391149468035
4942,0.3063309587352914
4943,0.24728096199008334
4944,0.3377627202431365
4945,0.5664539886626483
4946,0.6575240241979369
4947,0.5659493907860408
4949,0.6788330713776547
4950,0.5220593110636015
4951,0.7133405695974032
4952,0.5809480138713081
4954,0.3244134807269182
4955,0.5435094390769607
4957,0.639898974920573
4958,0.7027671796395305
4960,0.49219516006565817
4963,0.777182844196051
4965,0.6411249876974114
4966,0.1527737481656528
4967,0.1480390978741898
4968,0.22637478945256628
4969,0.1702381095316435
4970,0.3939431844685634
4971,0.24770939683338325
4972,0.5010968244336546
4973,0.468155255694093
4974,0.5867614460340237
4975,0.5588204732393275
4976,0.5748029273435394
4977,0.6139190724140748
4979,0.5543626243837433
4980,0.5222889770525904
4982,0.5268650950441308
4983,0.525366404778534
4984,0.394618138664931
4985,0.5002717890935306
4986,0.5073490458932959
4987,0.5222889770525904
4988,0.5505250375923836
4989,0.27964518442091774
4990,0.42774012989730303
4991,0.5699278362103154
4993,0.5068764115865366
4994,0.5279170025311417
4995,0.6119941114681092
4996,0.42688578914958597
4999,0.45543510188328257
5000,0.4247254560165176
5002,0.4565284644190596
5003,0.6816682928529714
5004,0.7197612085593865
5005,0.6773900763605072
5007,0.7121839249868241
5009,0.2699494477032803
5010,0.2678464455078013
5011,0.5761869642045252
5012,0.9113830859731715
5013,0.6196329659723959
5014,0.5440746481386186
5016,0.4408968450179916
5017,0.7203417719676377
5018,0.5993077657062568
5019,0.5827932736826679
5020,0.6408602710113876
5021,0.7304028947803957
5022,0.5908846316074696
5023,0.3985402286518124
5025,0.3753598125027541
5027,0.6152226623503653
5028,0.7630899059694777
5029,0.8183756895110955
5031,0.7320672168612645
5032,0.6905704751834805
5033,0.6123507622039182
5034,0.6680686510726954
5035,0.4440727804933834
5036,0.36485153030160344
5040,0.40861042929038804
5042,0.3929769460071348
5043,0.4901039722592256
5044,0.6790925865136485
5046,0.4525430801058632
5047,0.3035104447821403
5048,0.822064337946746
5049,0.6126596896384179
5050,0.7574071992912392
5052,0.7121809753199189
5053,0.7574071992912392
5054,0.7121809753199189
5056,0.396748951178996
5057,0.4273257581438237
5058,0.4116897915550047
5060,0.379711216613506
5061,0.3418326443655347
5062,0.36628663780557996
5063,0.3338756029277627
5065,0.3546640721570853
5066,0.417084635114082
5067,0.4273257581438237
5068,0.4307998426533285
5070,0.5916970553758587
5071,0.5268650950441308
5072,0.5216995202704223
5073,0.7067860814915057
5074,0.5661403051257383
5075,0.3620361634026034
5076,0.37713305134102665
5078,0.5111417982181782
5081,0.5763053669122857
5083,0.42519203883288065
5085,0.33821469887213634
5086,0.6213100614459163
5087,0.5608118568382413
5088,0.5608118568382413
5089,0.6152226623503653
5090,0.6941359922648208
5091,0.6740277985469597
5092,0.46778152982648274
5093,0.6005667549613826
5094,0.7936970609430042
5096,0.7566663542987886
5097,0.5203188974807559
5098,0.44096703579718866
5099,0.5121034266721602
5100,0.5124185815979576
5101,0.7547719465564164
5102,0.7177754235321159
5104,0.35659387307027407
5105,0.5804874536109622
5106,0.5914178526509384
5107,0.5856015644789504
5108,0.49943971202440796
5109,0.5117064155865729
5110,0.3942831956856102
5113,0.5650031014117957
5115,0.49474607983516583
5116,0.35784775209880865
5117,0.37283308193841536
5120,0.5084591822520579
5121,0.4302123197394868
5122,0.4446201994296965
5123,0.6373860206358428
5124,0.4557997036973095
5125,0.40386453867140554
5127,0.5746443662461952
5128,0.33273398966540957
5129,0.5404424805157662
5132,0.5368077366865927
5134,0.3809228433994083
5135,0.25444396151094084
5136,0.3909580884554724
5137,0.3994866150171873
5138,0.35057490655340867
5139,0.36571372740234853
5140,0.3539783918918245
5142,0.5427786889216896
5143,0.4969818493344987
5144,0.42235676911872366
5145,0.4246497513035347
5146,0.4024273825043817
5147,0.3934308461827654
5148,0.389390119562647
5149,0.3934308461827654
5151,0.33913367565232677
5152,0.6607967825365639
5153,0.7217011096719423
5154,0.7121839249868241
5157,0.3345350100795259
5158,0.6788330713776547
5159,0.31093715591185367
5161,0.4562987276209253
5164,0.3021116587001821
5165,0.330570410772681
5166,0.30446996068134435
5167,0.30446996068134435
5168,0.26250597263232645
5172,0.52884414606514
5173,0.44703595490649284
5174,0.5510770507313266
5175,0.5274315614662917
5176,0.5708757897810964
5177,0.590012816497303
5180,0.6676264803704145
5181,0.6676264803704145
5182,0.6676264803704145
5183,0.3438419150034608
5184,0.3896102513534598
5185,0.317857070068079
5186,0.4219361439252055
5187,0.6732265743967255
5188,0.3303571427641578
5189,0.6184169272152116
5190,0.6125405056004392
5191,0.4422630729507844
5192,0.5400497485505734
5193,0.3355490484919454
5194,0.3667386582906223
5196,0.8398231067215801
5197,0.41085653385049115
5198,0.45356978784705604
5200,0.511754558869408
5202,0.41085653385049115
5203,0.4349571523677613
5204,0.3480611833287224
5206,0.6636781894331004
5208,0.48868195068699316
5209,0.3434659503863435
5210,0.5780795455424188
5211,0.5467102365200709
5213,0.7056065378356899
5214,0.6713428874953326
5217,0.7675717386928996
5218,0.7197612085593865
5219,0.7197612085593865
5220,0.7748177365139326
5222,0.7124975128941251
5223,0.7748177365139326
5224,0.43258323592807735
5225,0.3934705463347748
5226,0.7094632079532881
5227,0.5946464028756769
5228,0.503758862544504
5229,0.7313442768082989
5230,0.7094632079532881
5231,0.8105621288632527
5232,0.7259430384743798
5234,0.25190093365064836
5237,0.2931760768364213
5238,0.485289774281484
5239,0.23967205092807203
5240,0.27201545341282224
5241,0.23646614365387578
5243,0.2515242227705828
5244,0.5133302733206836
5245,0.4028230393559835
5246,0.30663450755684657
5247,0.37205484361323304
5248,0.33438544805678344
5249,0.377812247061169
5250,0.4040121465342696
5251,0.29652016311910445
5253,0.36764268562897023
5255,0.34287078722918035
5256,0.3873293320564362
5257,0.36571372740234853
5258,0.38458488253674333
5259,0.33913367565232677
5260,0.3212773860106247
5261,0.4778106632680012
5262,0.4473109946912746
5263,0.37109964761345227
5264,0.20516624013575252
5265,0.3823711579256083
5266,0.546602510003761
5267,0.29401144908779553
5268,0.5206710967053366
5269,0.42235676911872366
5270,0.3063904358270553
5271,0.30410429450553056
5272,0.3516346022939599
5273,0.3026358555047817
5274,0.37253433827809246
5278,0.46073288289918624
5279,0.2695434328599788
5280,0.2867121779357338
5281,0.30410429450553056
5283,0.30410429450553056
5284,0.33879376570342046
5285,0.3368205885644425
5287,0.40013084506083824
5288,0.23825159702557575
5289,0.3944416801020673
5290,0.3944416801020673
5291,0.3794978291859715
5292,0.36748733266987704
5293,0.44460565179191963
5294,0.3368205885644425
5295,0.31509459556831
5296,0.40013084506083824
5297,0.3419717532358867
5298,0.33378863288371413
5299,0.23478772255662883
5300,0.4625927063889105
5301,0.4844774964573549
5302,0.5649044635321977
5303,0.8467675178475575
5304,0.49993022262119063
5305,0.36729842240667304
5306,0.3064362597010075
5307,0.6554356606381802
5308,0.7169801702606251
5309,0.7041017305838614
5310,0.7094693852686601
5311,0.7538122662172996
5313,0.35082939428117793
5314,0.3797684452561577
5315,0.3303615849585404
5316,0.35229561821113786
5317,0.4521332262282477
5318,0.2971083262298081
5319,0.3012751777649977
5320,0.2770353055749715
5321,0.4064008790114787
5322,0.4064008790114787
5325,0.4120735199604336
5326,0.4002230587645563
5327,0.4342309044849807
5328,0.5618609579144628
5329,0.44026784672043734
5330,0.44367651062188734
5331,0.42758521613121275
5332,0.41460469546113005
5333,0.2534498328673958
5336,0.2989578289718762
5337,0.3795230133662613
5339,0.40809242981875826
5340,0.44026784672043734
5342,0.2986700238336848
5344,0.5694808156875719
5345,0.3946414968799452
5346,0.37079313127775176
5347,0.4246361828971399
5348,0.3527324911251639
5349,0.3324174114365309
5352,0.41964848142603145
5354,0.3564623614004051
5355,0.3406200104791548
5356,0.5866281588695329
5357,0.35070320026302715
5359,0.4251030141261368
5360,0.4251030141261368
5361,0.6527515014066937
5362,0.4035365665480286
5363,0.4496395793312337
5365,0.4816824159293917
5366,0.8038604588261957
5367,0.8038604588261957
5368,0.8038604588261957
5369,0.8038604588261957
5370,0.8673651330623858
5371,0.7996283658729512
5372,0.6871783765841812
5375,0.6780841750482057
5376,0.523094864945583
5378,0.44418270360321016
5379,0.4420103015995456
5380,0.31598370014951677
5383,0.45326279113676465
5384,0.31532020069015515
5385,0.7030660916717811
5386,0.3454395827776102
5387,0.38375525125863275
5389,0.5014522763656868
5390,0.31191657198929024
5391,0.3040169128288056
5393,0.4244237891503658
5394,0.4286325388283183
5395,0.48902178888567976
5396,0.6847033260118607
5398,0.48902178888567976
5399,0.4015415911139442
5401,0.4015415911139442
5403,0.4398446592470779
5404,0.40336520507952384
5405,0.23504281955090162
5407,0.39787645978394337
5409,0.5498133410589818
5410,0.6739129772509633
5412,0.30573989992437905
5413,0.5033716565348223
5414,0.4912836872244786
5417,0.4385643400121767
5418,0.6677532157101085
5419,0.20953225248835317
5420,0.21761600959840155
5421,0.21761600959840155
5423,0.5205562926585665
5424,0.4664594030635621
5425,0.38253459037679205
5426,0.24508029706547196
5427,0.27608147902274843
5428,0.2741740826507466
5429,0.5014522763656868
5431,0.44658406549863056
5432,0.4728240531845719
5433,0.4699157129303677
5434,0.3661056172603121
5435,0.366169810388658
5436,0.2840836354888596
5437,0.475099612760958
5438,0.455959443849209
5439,0.7106389013782827
5440,0.5465724912651917
5441,0.3286546802374751
5442,0.48583384606367863
5443,0.46752305062927224
5444,0.5196721623212897
5447,0.3989379904172818
5448,0.4001544875851251
5449,0.3581152142010553
5451,0.4001544875851251
5452,0.4650910529797157
5453,0.6570494536275377
5454,0.45835691178043
5455,0.47881269614604755
5458,0.29994172671896036
5460,0.4959526787805905
5462,0.46866757639976275
5464,0.21943192961698843
5465,0.4511055048006412
5467,0.43474351893233565
5468,0.4652901147553642
5470,0.45441711162828685
5471,0.4594367494665326
5472,0.4273912104578629
5473,0.44062515030904603
5474,0.4594367494665326
5476,0.4551198185606895
5478,0.47439354899096103
5480,0.5773085821819331
5481,0.44526036893225757
5482,0.6420512254267511
5483,0.5549620495017248
5484,0.6021571313762508
5485,0.6762744527866449
5486,0.5874336395528422
5488,0.5874336395528422
5491,0.6114840359561691
5493,0.5338147533433127
5494,0.5216995202704223
5495,0.6091061163142086
5498,0.4949024814563404
5499,0.5895393809773102
5502,0.5895393809773102
5503,0.6460268897464763
5505,0.4584481096739974
5506,0.4648073766707244
5507,0.5209116727122846
5508,0.4584481096739974
5509,0.5849043053545371
5510,0.5978318500754962
5511,0.4765694927841719
5512,0.4765694927841719
5513,0.4478167784397833
5514,0.6440638930325402
5517,0.4411162369254007
5518,0.5771571703888912
5520,0.605133562464192
5521,0.47173426659863077
5522,0.6255993251299365
5526,0.41484462273121747
5528,0.6288815613071723
5529,0.4058703738134572
5530,0.5292381302233238
5532,0.563760212051685
5534,0.46126922931582515
5535,0.4912146572993364
5536,0.5795139978072702
5537,0.508010188866673
5538,0.5450674840964115
5539,0.5361684452502875
5542,0.519586293591956
5545,0.3847026739568272
5546,0.43753095303950723
5547,0.3847026739568272
5548,0.604656259767856
5549,0.45787364122604685
5550,0.5969566955056547
5551,0.562954945858709
5552,0.5545673863641294
5553,0.5639523119274897
5554,0.6336484400708791
5555,0.27249593927982624
5556,0.4018980746790845
5558,0.49744417154394655
5559,0.45934505450560525
5560,0.39498741608979065
5561,0.45564687536812126
5562,0.41042533040327633
5563,0.7216883285306972
5564,0.5518053475113832
5565,0.5006789211408227
5566,0.5509838708679254
5567,0.526627341927034
5569,0.3894652527316859
5570,0.5214345415386185
5571,0.4725820112929589
5572,0.526627341927034
5573,0.5041057679949758
5574,0.5509838708679254
5575,0.5006789211408227
5576,0.5006789211408227
5577,0.4727713628830158
5579,0.4727713628830158
5581,0.4796209958893746
5583,0.3612528492960798
5584,0.47658741106174946
5585,0.49001278781758634
5587,0.5509838708679254
5588,0.4139224554646099
5589,0.39047959493671325
5590,0.44195220239226907
5591,0.5196721623212897
5592,0.5196721623212897
5593,0.35199342467947864
5595,0.49853767230913915
5596,0.5509838708679254
5597,0.5006789211408227
5598,0.4727713628830158
5599,0.49001278781758634
5600,0.5006789211408227
5601,0.5440767377500568
5602,0.43514632543143367
5603,0.4727713628830158
5604,0.5214345415386185
5605,0.4727713628830158
5606,0.4727713628830158
5607,0.5488271643111275
5608,0.6651404916286439
5609,0.5006789211408227
5610,0.5006789211408227
5612,0.5114047312745472
5613,0.5655525472534547
5614,0.5655525472534547
5615,0.5086605753183349
5617,0.2828590793888556
5618,0.5519097352009629
5619,0.525017357020656
5620,0.4918378863985227
5621,0.5290513981524178
5622,0.5346584991654754
5623,0.7899138676827309
5624,0.5481810103377476
5625,0.4356233368267019
5626,0.5896806352990066
5627,0.40149018795480945
5628,0.4028613041745122
5630,0.36186911723053666
5631,0.3520928146895468
5632,0.4004597330309689
5635,0.40654421048892014
5636,0.5240937072583333
5638,0.43735517497287024
5639,0.4476602197711867
5640,0.40688744432906476
5641,0.4744319750461424
5642,0.40688744432906476
5643,0.5364970910860148
5644,0.7216883285306972
5645,0.5964939142984688
5646,0.5273298376709145
5647,0.3630558728637737
5648,0.5448537507239841
5649,0.5189348517071763
5650,0.5439827278820041
5651,0.5244218914212206
5654,0.6016461207150503
5655,0.6342197479039199
5656,0.5439827278820041
5657,0.5956256976037418
5658,0.5396067872828487
5659,0.5594579950872677
5660,0.5563514310144136
5661,0.49736129120543526
5664,0.5880598802403206
5665,0.5746669344449
5666,0.5983298337385559
5667,0.6779572816709533
5669,0.664032734232944
5670,0.7213455986982343
5671,0.30399493528711535
5672,0.6509242190943014
5675,0.5698467197026998
5677,0.5416537282938001
5678,0.4045632559919478
5679,0.3678633673257016
5680,0.38961831610873754
5681,0.33062922105709924
5682,0.17655029078128956
5683,0.28722533958912017
5684,0.33325789068799844
5686,0.2544699044138748
5687,0.33372804802380057
5688,0.38766571957574636
5689,0.3748753563005928
5690,0.2466620243383785
5692,0.3274810226393793
5693,0.2479178559525985
5694,0.3593365104131554
5696,0.21739124563634404
5697,0.3183175163160608
5698,0.13443751574914053
5699,0.21484473512077906
5700,0.35543339909540217
5702,0.2696642465322724
5703,0.5226905000669576
5704,0.38584562673479766
5706,0.4789484037105366
5707,0.3397017576891006
5708,0.34554900700865404
5710,0.3373479017288576
5711,0.6410814735834655
5712,0.371024467983851
5713,0.261249286055918
5714,0.34150867246883143
5716,0.4193213160194639
5718,0.48508698686637397
5719,0.3597674500744792
5720,0.5307489465910953
5721,0.4236319247148977
5725,0.34331983087259055
5728,0.41607391607747385
5729,0.47778075969084255
5730,0.22846521080304527
5731,0.27771528229078113
5733,0.6255993251299365
5734,0.3387566573883262
5735,0.34517785733519896
5736,0.27385924863498534
5738,0.427399992209396
5739,0.3530026199975723
5740,0.3530026199975723
5741,0.33807014286498516
5742,0.2164094445482161
5745,0.4224746910551785
5746,0.3975813020699664
5747,0.616901014057742
5748,0.5607349360050653
5749,0.6236664562059137
5750,0.5592951641147832
5752,0.588309131113851
5753,0.569723300623456
5754,0.6280219178898101
5755,0.5805162143565807
5756,0.5438095261389448
5757,0.5505231528171294
5758,0.8567945972324766
5759,0.7759973828493686
5760,0.8577288222942085
5761,0.8760046376169255
5763,0.7841040744871673
5764,0.8151028211157069
5765,0.8426497318219702
5766,0.8341994964855595
5767,0.8303141150688014
5768,0.8426497318219702
5769,0.8090451158725008
5770,0.8126523844932835
5771,0.8303141150688014
5772,0.8193823312868168
5774,0.8106904503924581
5776,0.8252838787001381
5777,0.8126523844932835
5778,0.8178275629776748
5779,0.8178275629776748
5780,0.8072871903250924
5781,0.5265812923306337
5783,0.24504097434366345
5784,0.20707552710245306
5785,0.5070625694033979
5786,0.604176074198672
5789,0.6083924707404654
5790,0.899553634137884
5791,0.9341150682976099
5792,0.40299696938148977
5793,0.42100968770518654
5795,0.3197049918565102
5796,0.349764374172514
5797,0.4265895462830594
5798,0.40982167756091303
5799,0.34286789795327244
5802,0.6680661747990282
5803,0.4727713628830158
5804,0.28712171291965954
5805,0.34662688469288827
5806,0.277398614177848
5808,0.8125768214351368
5809,0.7899138676827309
5810,0.6548714303496647
5811,0.2205357020668225
5812,0.5494753617196094
5813,0.6397901274355734
5815,0.5724658459557943
5816,0.5904814049264661
5818,0.6271089657763701
5819,0.6271089657763701
5820,0.5505955464382711
5821,0.5505955464382711
5822,0.4712775740299184
5823,0.38315220248068915
5824,0.3397112586995762
5825,0.6989579945443153
5826,0.5978318500754962
5827,0.30458867030655734
5828,0.5103129291678564
5829,0.30136008886036886
5830,0.3255383892081915
5831,0.3681796824050717
5832,0.36211935478650487
5833,0.35962811627598185
5834,0.38376870785448997
5835,0.40113858953042864
5836,0.40113858953042864
5837,0.437928837183465
5839,0.3124857146189678
5840,0.39675462164819186
5841,0.3735091448618696
5842,0.536341683653611
5844,0.4281662361753464
5846,0.39830581936884507
5847,0.47622615897068915
5848,0.7184753007201732
5849,0.6500984823226552
5850,0.4487436243342518
5851,0.381660373090575
5852,0.39848039247839206
5853,0.5788856720486132
5854,0.5519561623683741
5856,0.5519561623683741
5857,0.6261561051431402
5858,0.5746087698028065
5860,0.5979682932175975
5863,0.3491225015143888
5864,0.5050870088776386
5865,0.3967096101036699
5866,0.49208661185589847
5867,0.34464373917115027
5868,0.49579290258139824
5869,0.3612474038742376
5870,0.32881357472103284
5871,0.3698963767507651
5872,0.5959526733655001
5873,0.40761312817467005
5874,0.43815789341101075
5875,0.47853713612012566
5876,0.37802322423559703
5877,0.18294482088697908
5878,0.18294482088697908
5881,0.47768048629651133
5882,0.49723246739326915
5884,0.37742728049694946
5885,0.368527028099698
5886,0.3482154623234179
5887,0.35520659899471224
5888,0.32893890444247886
5889,0.34493483297930055
5890,0.29783312441196275
5891,0.33195882861973985
5892,0.4034660003569247
5893,0.47778075969084255
5895,0.5333499652506971
5896,0.4281662361753464
5897,0.5730056277271994
5898,0.5730056277271994
5899,0.5730056277271994
5904,0.40580143300289984
5905,0.3528807766346332
5906,0.4789549673764817
5907,0.4752143175872876
5908,0.5345092863864985
5909,0.40262490172579257
5911,0.4265895462830594
5913,0.768391478549708
5914,0.4656977984748025
5915,0.5472857928345427
5916,0.4126980406298552
5917,0.15684533289909672
5918,0.6427497403876812
5919,0.6171499355520443
5920,0.501545388084838
5921,0.6613906061807876
5922,0.6637782122063327
5924,0.4667020310616993
5925,0.5096403269961393
5926,0.42518445590385345
5927,0.4535755646144549
5928,0.5100354257304527
5930,0.5191529012505638
5932,0.7016390782644398
5933,0.5853728176737707
5934,0.14624800874405125
5935,0.16024325922046787
5936,0.48245065120620534
5937,0.3495288486984178
5938,0.45720871348204956
5939,0.6905146559633575
5940,0.6091993922141888
5941,0.635630831031865
5942,0.6905146559633575
5943,0.5901203114258841
5944,0.49694678034291195
5945,0.48669063934958956
5946,0.39613983663649255
5947,0.43219977739616416
5949,0.5456552517110751
5950,0.7250969030190231
5951,0.5228087955407872
5953,0.7174790424753045
5954,0.741133236080592
5955,0.27466411173142685
5957,0.6505296542918192
5958,0.6943878982427465
5960,0.4637929631584504
5961,0.6233851064232484
5962,0.3029331205760027
5964,0.5974619914717058
5966,0.6921787191686573
5967,0.6124796850654489
5968,0.3539028624159466
5969,0.4146681643800493
5970,0.32794978385150453
5971,0.27244575898620016
5973,0.4912604746574696
5974,0.43794895786385396
5976,0.5477391759129884
5977,0.5568998177077343
5978,0.4169125850917855
5979,0.3432572305465374
5980,0.41654853573831124
5981,0.3884345220779838
5982,0.4727713628830158
5983,0.4373898611005304
5984,0.7542332327371974
5985,0.44600263796835854
5986,0.32465567191297573
5987,0.47193143717763136
5988,0.4795325256360251
5989,0.5666029513653066
5990,0.6377599062871898
5991,0.5344501773490087
5992,0.5666029513653066
5993,0.5723808486166397
5995,0.3930482637994915
5996,0.5404658433718333
5997,0.418874502289967
5998,0.3397112586995762
5999,0.3028637886086314
6000,0.5670844039667623
6001,0.4878003805671261
6002,0.45626596044838263
6003,0.48897209010808207
6005,0.45549318591265253
6007,0.30353671306061286
6009,0.609815664798444
6011,0.4163657244185587
6012,0.5986235326118908
6013,0.5035095009941192
6015,0.503764596612155
6016,0.5417495456897025
6017,0.4326364852155181
6018,0.3637847634649321
6019,0.49404625605021335
6020,0.29518086761462226
6021,0.2718045795250032
6023,0.3685830242977749
6024,0.2717882758446659
6025,0.6415291301534135
6026,0.6862802577167859
6027,0.5954229232716819
6028,0.33649568847626693
6029,0.29586654317145855
6030,0.2877084571096436
6031,0.32712971301229815
6032,0.331411258348102
6033,0.3423740519236407
6034,0.5315226887598856
6035,0.34595441123116144
6036,0.32892319668289954
6037,0.6464891336095664
6038,0.6606405297433449
6039,0.5916158132934152
6040,0.5324908071746677
6041,0.31300927335750417
6042,0.7554728679982997
6043,0.5395168835936219
6044,0.3363549934067604
6045,0.5905296020286095
6047,0.2785757553410236
6048,0.43735517497287024
6049,0.5157690805333397
6051,0.277398614177848
6053,0.5442468665611381
6054,0.37265148093802397
6055,0.44396655194878387
6056,0.7930312499756776
6057,0.6921660073316788
6058,0.7479105400464535
6059,0.6784763260697174
6060,0.7465080103243477
6061,0.7637945895512374
6062,0.7535625455181829
6063,0.6879779873742133
6065,0.731407748928693
6067,0.490521055800965
6068,0.31628228193292224
6070,0.458362159145328
6071,0.31999332456699553
6073,0.3133878786528509
6074,0.3251433902601125
6075,0.3394782264284421
6076,0.3133878786528509
6078,0.2318142676931736
6081,0.15004329643390757
6083,0.4835311604402136
6084,0.45148406459689444
6085,0.5126178267033742
6086,0.442765951923816
6088,0.39181448530204843
6089,0.38965206723202883
6090,0.38965206723202883
6091,0.38965206723202883
6092,0.7039898747001506
6093,0.5080187619335406
6094,0.5036630597325809
6095,0.5012731927543546
6097,0.5179531460431696
6098,0.3397112586995762
6099,0.5100239812102189
6100,0.4706374888092034
6101,0.44354372186097984
6102,0.6482634986334276
6103,0.5486527423914024
6104,0.5179531460431696
6105,0.4892392072625855
6106,0.5388356901166559
6109,0.4772788595319429
6110,0.4644869075908541
6112,0.6201653895869507
6113,0.4824040641927951
6114,0.4347150239709178
6115,0.8524895913787423
6116,0.8401852205748976
6117,0.8417730919074388
6118,0.7637407867442448
6119,0.4942123368198069
6120,0.49497018094214423
6121,0.5001629735752305
6122,0.5182747214188369
6123,0.5273901663934158
6124,0.40626830693982036
6125,0.3506848700825515
6126,0.5673746332642898
6128,0.7090313344076448
6130,0.5453537095695893
6131,0.4841613254190091
6132,0.44737051902022734
6133,0.3726155340214584
6134,0.5257190824274294
6136,0.44001993771486364
6138,0.6728044588491663
6139,0.45937367556998504
6140,0.455743949382623
6141,0.4656136234059889
6143,0.467960010265224
6145,0.4432511718891741
6146,0.35482811035068385
6148,0.38340961075374963
6149,0.47266125748418913
6150,0.5386125285647015
6151,0.6613769311112304
6152,0.2675083969774321
6153,0.7040452415735906
6154,0.19496779816810847
6155,0.20968600965670064
6156,0.24336191227122314
6157,0.17714032323760764
6158,0.5572630464820468
6159,0.9112179331229321
6160,0.6623225508201885
6161,0.6295038697680039
6162,0.6037050390859519
6163,0.3969363962519186
6164,0.4031766814597065
6165,0.4065902687254582
6167,0.6544951767394656
6168,0.4476290706009296
6170,0.7574768642136801
6172,0.7467886510069871
6174,0.5620312171092328
6175,0.6317362730525431
6176,0.6518847152624234
6178,0.5743186191883505
6179,0.6574006668136052
6180,0.6410814735834655
6181,0.6483664960512329
6182,0.6557798224296096
6183,0.6859327365327169
6184,0.6597604410141696
6185,0.671382997248659
6186,0.4172581487627169
6187,0.5005805050730053
6188,0.5294687921650529
6189,0.5503795917952923
6190,0.5943993498739707
6191,0.6241295433999392
6194,0.460051627801135
6195,0.5164870774480849
6196,0.5330669546603883
6197,0.38646114940232795
6198,0.5892681430098585
6199,0.5541759591227705
6201,0.580868771765453
6202,0.5282985045319258
6203,0.8393838750560538
6204,0.3446392618779319
6205,0.729087643595809
6206,0.5154120100200102
6207,0.5992226662429625
6208,0.20878196447015293
6211,0.21621759671807766
6212,0.5848476669883811
6213,0.40409736346889213
6214,0.18749264013363304
6215,0.16000774925739977
6216,0.2626983961650071
6217,0.18347322565126223
6219,0.18286931160818956
6220,0.3407190667920331
6221,0.29049238470876954
6222,0.42097830482541787
6223,0.5687376340781383
6224,0.24547593977225032
6225,0.4123608031970422
6226,0.5200262318009862
6228,0.39044205253960923
6229,0.5200262318009862
6230,0.42043722123996186
6232,0.43538676065232745
6234,0.4094699069505588
6235,0.37751799202854674
6236,0.4714477475888278
6237,0.3418082221838016
6239,0.37621708687384
6240,0.4140051693755195
6241,0.4037162172799387
6242,0.42120170966844767
6244,0.3650951493586409
6245,0.2643226860757933
6246,0.6594776756500038
6247,0.4024053752299237
6248,0.3388975533121477
6249,0.41287361299713
6250,0.28146895581670184
6252,0.4220184792869273
6254,0.3476911982082535
6255,0.32100281486104965
6257,0.26812922266141714
6259,0.6452071399969076
6260,0.5916211260370465
6261,0.6859188265297096
6262,0.5559517248173838
6263,0.32410546985242306
6264,0.7553015171374001
6265,0.4212405775739189
6269,0.31848256929890656
6271,0.6125256371202602
6272,0.3429913267889412
6274,0.33693946986199774
6275,0.5930079879855505
6276,0.42460583803837787
6278,0.5783049848032307
6279,0.4899019599816534
6280,0.7122489115406583
6282,0.7865997164918949
6283,0.7830858275345787
6284,0.776093073877359
6285,0.7554728679982997
6286,0.6090342831992916
6287,0.727197299306788
6288,0.7739692985057977
6289,0.7785364260997663
6290,0.760757774395925
6291,0.760757774395925
6293,0.9082984471229802
6294,0.8642274818300479
6295,0.9103711706999171
6296,0.917894357623122
6297,0.897139288928778
6299,0.7937008961718257
6301,0.7742307959814149
6302,0.7914291267171619
6304,0.781886988361388
6305,0.730575856134331
6306,0.776093073877359
6307,0.776093073877359
6309,0.7537843983582115
6310,0.760757774395925
6312,0.7785364260997663
6314,0.7914291267171619
6315,0.8326450812996951
6316,0.7914291267171619
6317,0.686342737300167
6319,0.7680693001174776
6320,0.7984553572918628
6321,0.760757774395925
6323,0.765913159137332
6324,0.8055098301092267
6325,0.781886988361388
6326,0.7914291267171619
6327,0.7972961556238417
6329,0.7732449402062985
6331,0.7785364260997663
6332,0.7785364260997663
6333,0.8297495619887357
6334,0.7820970236699563
6335,0.7999021866692048
6336,0.7914291267171619
6337,0.6897507467886892
6340,0.6697760264557472
6341,0.6308676883813092
6343,0.6790925865136485
6345,0.8008030474126898
6347,0.684528836465797
6349,0.7302518804386108
6350,0.6903331117306668
6351,0.684528836465797
6354,0.7664064385731558
6357,0.4841129573411915
6358,0.4760777983616574
6359,0.5106757258531894
6360,0.15581152921283428
6361,0.7057507960512777
6362,0.7847861999711696
6364,0.7766101605432669
6365,0.41498527146431036
6366,0.48796985419880196
6367,0.46036477593304836
6369,0.521344544714435
6370,0.45336280713074684
6371,0.40174514639217046
6372,0.24696617758743816
6373,0.5402172244228035
6374,0.3050802898599775
6375,0.5863667570119473
6376,0.5505879840236577
6377,0.4109269714958936
6378,0.42780273152132425
6380,0.42780273152132425
6383,0.6189261295841418
6384,0.5127224933090165
6385,0.5039082138986566
6386,0.6407928445937908
6387,0.5725035271300449
6388,0.24336191227122314
6390,0.4098139540865117
6391,0.5250282116228318
6392,0.21577270332582738
6393,0.5922758349046664
6395,0.4098139540865117
6396,0.3212790291439503
6398,0.4853377664744042
6399,0.6410814735834655
6400,0.3773501334765657
6404,0.6542219760257905
6405,0.5456089661155651
6406,0.6979721767332785
6407,0.5841310591768929
6408,0.615927976434324
6409,0.40409736346889213
6410,0.46930879669287856
6411,0.5730842726751746
6412,0.38584831338303904
6415,0.40174514639217046
6416,0.40174514639217046
6417,0.40174514639217046
6418,0.5115407657360406
6419,0.4245205687971304
6422,0.40174514639217046
6423,0.40409736346889213
6424,0.498111317640046
6425,0.40409736346889213
6426,0.4098139540865117
6427,0.37672980748303375
6428,0.5530736570014205
6429,0.7057507960512777
6430,0.5679466340851946
6431,0.5677524646033439
6432,0.3621116760476088
6434,0.42951618872116076
6435,0.7073719041577042
6436,0.6700305703116045
6438,0.5997790634261183
6439,0.6104532699109316
6440,0.45998715381539956
6441,0.39461928546737624
6442,0.4801113283093238
6443,0.7255261373983867
6445,0.5574933327692555
6446,0.5729459985528245
6447,0.5695875622845229
6448,0.5727688814016791
6449,0.5295850781559597
6450,0.5695875622845229
6451,0.5727688814016791
6452,0.5727688814016791
6453,0.31505050774374616
6454,0.5337877264090666
6455,0.52526840870708
6456,0.6191613993289825
6457,0.6410814735834655
6459,0.47458933656432717
6460,0.37672980748303375
6461,0.3828746509678311
6462,0.41153450542963105
6463,0.5659150202558142
6464,0.5155741123396919
6465,0.49981352570768084
6466,0.6982050398679539
6467,0.5955327400905411
6469,0.40645751802635244
6470,0.36211935478650487
6471,0.35493961481332786
6472,0.5517670397733356
6473,0.45788889653594506
6474,0.572685868849676
6475,0.5666465407982668
6476,0.5626882611375543
6477,0.5754542830953239
6478,0.5791293983985697
6479,0.5626882611375543
6480,0.3999527496493117
6481,0.47821518460065493
6482,0.39854656875650846
6483,0.23976868958839972
6485,0.47088759391749974
6486,0.3914278729748169
6487,0.39708310467228985
6488,0.7997756240891009
6489,0.4331565294873334
6490,0.4354900519702102
6491,0.4106341854395195
6492,0.5404658433718333
6493,0.5051298569986481
6495,0.6025307793103001
6496,0.41909538105516325
6497,0.18483304208583337
6498,0.9474711025135151
6499,0.49216623943964943
6500,0.616962467503959
6501,0.5229935248991553
6502,0.5599862972957816
6503,0.7485334759965879
6504,0.4587113353809964
6505,0.4553106459312509
6507,0.5896030877020666
6508,0.5178944148748723
6509,0.5659221030926299
6510,0.5093403684555049
6511,0.4048590786260609
6512,0.19341777096115007
6513,0.31573632759189263
6514,0.8042319800629879
6516,0.7914291267171619
6517,0.7847229492482906
6518,0.4252279590104224
6519,0.44575045868422436
6520,0.9230357981807765
6521,0.7914291267171619
6522,0.633901096498538
6523,0.25239421134420637
6524,0.43139826773278156
6525,0.3614887756841489
6526,0.5420186361383478
6528,0.5093688216351036
6530,0.784369888599008
6531,0.4031414117582203
6532,0.43532389640827146
6533,0.43532389640827146
6534,0.39140108644537636
6535,0.4093943185930831
6536,0.4093943185930831
6538,0.1806433721494332
6539,0.29040189359633917
6541,0.25236532446678095
6542,0.21785081329445116
6544,0.397239106669507
6545,0.37577791263896726
6546,0.29229229007927987
6547,0.33227336903726234
6548,0.4040177385657003
6549,0.34643820288783567
6550,0.35006578201928346
6552,0.59118286696942
6554,0.4809856268353183
6555,0.4601084682928219
6556,0.4780292836853121
6557,0.5465571411744432
6558,0.5465571411744432
6559,0.3269521490674452
6560,0.3489844473089977
6561,0.5229399223934328
6563,0.546455906200534
6564,0.3767988099913441
6565,0.23457217009334366
6566,0.49144063348248435
6567,0.3624683959407255
6568,0.7598291562196862
6569,0.24020475256711687
6570,0.18007653194473872
6572,0.49001278781758634
6573,0.566770509601227
6574,0.5417795620897768
6575,0.5373621768218901
6576,0.3767988099913441
6577,0.2941232204635619
6578,0.26358969648381214
6579,0.7035140538950144
6580,0.46274871116178573
6581,0.5116307591071237
6582,0.5548462027733515
6583,0.4561357294499197
6585,0.46274871116178573
6586,0.5274768378833972
6587,0.5836453563271713
6589,0.5505879840236577
6590,0.6049295877954648
6591,0.36024106009986295
6592,0.48697570520315536
6593,0.3156573250547483
6594,0.5704450506419231
6595,0.3497838415913296
6596,0.29055477489754256
6598,0.8135766866400098
6600,0.7980450161200916
6601,0.7423281658025472
6602,0.757095736219047
6603,0.33664255874517396
6605,0.708904315968508
6607,0.4955007293930494
6609,0.5450674840964115
6611,0.5653124457400973
6612,0.5450674840964115
6614,0.3663453346517356
6615,0.32000946961302945
6616,0.3767988099913441
6617,0.32000946961302945
6618,0.3767988099913441
6619,0.3126526649414612
6620,0.3692576166772012
6621,0.37855498261404646
6622,0.597700868244822
6623,0.5362264541412715
6625,0.5698467197026998
6626,0.5899573253542724
6627,0.5696366857938543
6629,0.6956726552636677
6630,0.525017357020656
6631,0.3076455898245798
6632,0.5863389600096834
6633,0.44357113474536597
6634,0.34291971691836326
6635,0.508010188866673
6636,0.5106757258531894
6637,0.3106670043172569
6638,0.9230357981807765
6639,0.8824362241900812
6640,0.87605090802784
6641,0.8550709625736167
6642,0.874479631522949
6643,0.8993757423914295
6644,0.7847229492482906
6645,0.4069739114459858
6647,0.2480478190429008
6648,0.4499277484161209
6649,0.4847191847906613
6650,0.4212093269112806
6651,0.4212093269112806
6652,0.5280599709423535
6653,0.28571191292708786
6654,0.4674445115915886
6655,0.5629326067508238
6656,0.5774919584956245
6658,0.6046514142248253
6659,0.5737932838774089
6660,0.6075729638770107
6662,0.5895104210257845
6663,0.4367456456335816
6665,0.5197319776819732
6666,0.41645287601353603
6667,0.5416067073559687
6668,0.6460932965189923
6669,0.327790906861593
6670,0.4429434930074187
6672,0.4248938422971757
6674,0.6086509636866662
6676,0.502857445204541
6677,0.5389542161800112
6679,0.5694135548926462
6680,0.5284411693437211
6681,0.5645120538387014
6682,0.5378421967434187
6683,0.4516369379459668
6685,0.5529511142864661
6686,0.30904206735327094
6687,0.5222471314072891
6688,0.3435376258865341
6689,0.40637813021193375
6691,0.19473666837482237
6692,0.5123044188056152
6693,0.4231457015682948
6694,0.23657401049546983
6695,0.4288452794493302
6697,0.4216038502563359
6698,0.4651545445669698
6699,0.44401721064236643
6701,0.28806603978952583
6702,0.31780770617510434
6704,0.5913412115523713
6705,0.5357812781123547
6706,0.33512419942842947
6708,0.7057507960512777
6709,0.7298569986462874
6710,0.5405719886843862
6711,0.7227519682001952
6712,0.7057507960512777
6713,0.42609473607086285
6715,0.08177803215982438
6716,0.3754991801687741
6717,0.40336121089392984
6718,0.3232417056175535
6719,0.7914291267171619
6720,0.5790571771883873
6721,0.6154409143452736
6722,0.6003252959285534
6723,0.6919037947481875
6724,0.5405719886843862
6725,0.4408501127212187
6726,0.7057507960512777
6727,0.6349410517494004
6729,0.569470571008999
6731,0.44694487842135605
6732,0.7914291267171619
6734,0.779191570935547
6735,0.7454096870703921
6736,0.7847229492482906
6737,0.7914291267171619
6738,0.8055575878857663
6739,0.580582043022214
6740,0.6790925865136485
6741,0.6460589861000423
6742,0.5547998066928005
6743,0.6508949445818528
6744,0.5692411028080901
6745,0.5615691159747684
6747,0.6887923439831908
6748,0.7077955179531534
6750,0.5213341859153124
6751,0.3286011191658345
6752,0.48810654935719416
6753,0.5054752384587968
6754,0.679551368260802
6755,0.7440548205635249
6757,0.7067860814915057
6758,0.7360853045333375
6759,0.6294645594932665
6760,0.520601128591495
6763,0.5181337783837838
6764,0.7075547091886155
6765,0.6604232760137743
6766,0.5507060798208766
6768,0.41477577607134564
6769,0.5251415613556685
6770,0.39734806629667213
6771,0.6501972128608924
6773,0.35891151238669544
6774,0.4481720214681422
6775,0.3400365928800067
6776,0.4947832282874528
6777,0.3496480227395357
6778,0.4306399799788136
6779,0.34475076799432147
6780,0.32866720242190844
6782,0.6367723853199095
6783,0.6179958587547952
6784,0.5614657332958365
6785,0.47301389132095695
6786,0.3981022304323123
6787,0.6356154715715514
6788,0.6141445548839755
6789,0.38247791513538043
6791,0.6525171335405201
6793,0.4647451898241037
6794,0.4952080837130885
6796,0.4806785013013204
6797,0.556664717349531
6799,0.4955007293930494
6800,0.6167218179945738
6803,0.5547998066928005
6804,0.6294274530338819
6805,0.5454932083511503
6807,0.6936974103751651
6808,0.6729222643315622
6809,0.6771542101960153
6810,0.7535847913289206
6811,0.6771542101960153
6812,0.6501103379694128
6815,0.6565271447013891
6816,0.6508949445818528
6817,0.5572519691363996
6818,0.5739919894864941
6819,0.508010188866673
6820,0.47255378886688565
6821,0.37775790172267615
6822,0.37775790172267615
6824,0.38685774172123055
6827,0.3909580884554724
6828,0.3688325587317975
6829,0.4302954817022274
6830,0.38497853777111396
6832,0.3967522133371671
6833,0.3967522133371671
6834,0.38647824704794737
6835,0.6873628014682962
6836,0.406687738336734
6837,0.7427258280081894
6840,0.5177768875822106
6842,0.3688325587317975
6843,0.4334955179556728
6844,0.3967522133371671
6845,0.408956408847616
6847,0.4728347456832375
6851,0.2556188129904755
6852,0.34579380039056845
6854,0.2923333601155045
6855,0.35146538281103595
6856,0.27536932885185467
6857,0.2521590341503547
6858,0.22915101132806895
6859,0.24383753197350388
6860,0.2633119569762793
6861,0.5470807438297228
6862,0.518147724578221
6863,0.5061671381469135
6864,0.4766244063769554
6865,0.5061671381469135
6866,0.4701525488447281
6867,0.5144760489615009
6868,0.48933197824152325
6869,0.38376870785448997
6870,0.45632438885239107
6871,0.37444379689611884
6872,0.49741618665123444
6875,0.4487101358869409
6876,0.4974704230957641
6877,0.4039855422859439
6878,0.5068764115865366
6879,0.5396422300349731
6881,0.869619739663946
6883,0.4347523240697419
6884,0.5578132828701343
6886,0.46219996196450774
6887,0.4449781651299898
6888,0.487611602092958
6889,0.5028170085965072
6890,0.6211196058831399
6891,0.3172874909226636
6892,0.4890155942726678
6894,0.4636420166082461
6895,0.584461201835952
6896,0.5173807023403314
6897,0.35502282208577957
6898,0.4212093269112806
6899,0.40159874800563466
6900,0.5026392656763797
6901,0.45714132234062776
6902,0.5122153636928473
6903,0.34598337994827133
6904,0.9016430030604656
6905,0.8680377551790072
6906,0.8806803655328707
6907,0.9278997667916775
6908,0.8715485974663262
6910,0.9168394840363073
6911,0.9447101224113044
6912,0.915433379798014
6914,0.9474711025135151
6915,0.931321098286642
6917,0.9290134188413303
6918,0.9295852497144574
6919,0.9020737820300799
6920,0.9112179331229321
6921,0.9051213044151888
6922,0.9143764241024795
6924,0.913647603708775
6925,0.9207231498705837
6927,0.9051213044151888
6929,0.9112179331229321
6930,0.913647603708775
6931,0.8302385525254627
6932,0.8456656935628177
6933,0.870240276370798
6934,0.87605090802784
6935,0.8191011781492892
6936,0.8039809274796343
6937,0.8338663022251481
6938,0.8338663022251481
6939,0.844055518828519
6940,0.8317753534173048
6941,0.870240276370798
6942,0.8860961195625594
6944,0.9024948398958068
6945,0.8745013217106741
6947,0.8853930067651605
6948,0.8646816294017641
6949,0.8655083595113785
6950,0.8700960076997513
6951,0.8892681027749522
6952,0.8807757680932765
6954,0.8590683882997555
6955,0.8550709625736167
6956,0.878794659176825
6957,0.9111866693729807
6958,0.8877123723431616
6959,0.8987128061612621
6960,0.9217487758545025
6961,0.9128688314503578
6962,0.9024206361460709
6963,0.8876394148876017
6964,0.7924433511357671
6965,0.7742307959814149
6966,0.758123485965267
6968,0.799878342248312
6969,0.7690462952491188
6970,0.8151028211157069
6971,0.7796065577507264
6972,0.7847229492482906
6973,0.8046438724380528
6974,0.740027340214251
6975,0.7847229492482906
6976,0.7975513750547095
6977,0.6783707759449438
6978,0.9025936232603793
6979,0.776101218861034
6980,0.8408289887919386
6982,0.8246149787010034
6983,0.9175048117133181
6984,0.5374603536289988
6986,0.46589674710340573
6989,0.5443699324285124
6990,0.5505879840236577
6991,0.3588186764543555
6992,0.430711489888825
6993,0.45195248761676116
6994,0.49781517932358055
6997,0.4554390548646095
6998,0.5166310998937298
7000,0.3012213509718385
7001,0.46126922931582515
7002,0.6772895377242941
7004,0.360706120967877
7005,0.35242216526369313
7006,0.34260697917209626
7007,0.2810216971646994
7008,0.5163539510984149
7009,0.36172022643386503
7011,0.4764826073577427
7013,0.38584562673479766
7014,0.4430319530642083
7015,0.556071102542441
7016,0.5235566673411673
7017,0.28496508294426437
7019,0.2990807013481097
7021,0.39158380416099836
7022,0.45796101648083715
7023,0.3526503495086576
7024,0.36887494685859695
7027,0.7185222905391351
7030,0.6200678968478311
7031,0.6583102461174725
7032,0.6200678968478311
7033,0.6428037905023395
7034,0.5936316258486193
7035,0.4144087660866361
7036,0.4353554391191466
7037,0.3193970482506453
7038,0.5360829281508789
7039,0.3827803793573969
7040,0.6210173145407345
7041,0.4465495662447911
7042,0.4008694862846009
7043,0.2372429425883021
7044,0.40343603934537214
7045,0.38891809283024603
7046,0.40343603934537214
7047,0.38850985406533023
7048,0.39254992353917084
7049,0.5354132457091677
7050,0.47733640718477227
7052,0.35502282208577957
7053,0.35096532115089574
7054,0.30282239850538945
7056,0.3517464433031049
7057,0.39734091420310363
7058,0.29858972433282394
7059,0.36690600815333335
7060,0.703043312446001
7061,0.703043312446001
7062,0.6854194123077233
7063,0.7312654384960192
7065,0.5469736041416139
7066,0.35053379098036064
7070,0.37217492176040384
7071,0.6428753538708366
7072,0.4352890312833121
7073,0.5241794379943757
7075,0.5942647676719681
7076,0.5021871652635771
7077,0.32005616224974315
7079,0.30585804794936444
7080,0.38425458115993805
7081,0.5227456772802358
7082,0.4814813486044524
7084,0.8695666833293824
7085,0.4375729667306715
7086,0.32000946961302945
7088,0.36425918593824547
7089,0.323002276361757
7092,0.5387800896044546
7096,0.3693152487206709
7097,0.32000946961302945
7098,0.3320721359224734
7099,0.3382204962468683
7100,0.2638699545639989
7101,0.3382204962468683
7102,0.38957618629936724
7104,0.35714138917283544
7105,0.5723937716193337
7106,0.47658741106174946
7107,0.5006789211408227
7108,0.2489129634880729
7109,0.3301797353996492
7110,0.3100022506684554
7111,0.35871342307135734
7112,0.5253896336583703
7113,0.4091231335029094
7114,0.27964518442091774
7115,0.5414429379150703
7118,0.638574241898385
7119,0.4507674096725605
7120,0.3986485109961185
7123,0.38567364366005324
7124,0.4824483830262757
7126,0.43569492123087694
7127,0.6033894716747598
7128,0.4662166294581192
7130,0.5802361072891472
7131,0.6105923204971883
7132,0.6105923204971883
7134,0.6105923204971883
7135,0.5543838535669119
7137,0.5861056748854906
7138,0.5901862655223321
7139,0.5329410628116187
7140,0.6112812678464289
7141,0.2888377796874506
7143,0.43083412441749447
7144,0.3653703646785848
7145,0.3720032017128883
7146,0.6114768163826878
7148,0.5567924547394464
7149,0.5129080115458529
7151,0.5573307486411161
7152,0.7361955157274616
7154,0.6298891913597944
7155,0.6441231309878731
7158,0.7117856509706406
7159,0.6679047159020478
7160,0.6662489369838471
7161,0.6428760913640794
7162,0.6841904377510507
7163,0.6811655894397127
7164,0.6467387916109181
7166,0.7243844279007698
7167,0.8243182400851423
7168,0.6918207970027278
7169,0.7082884021724594
7170,0.7457120674752281
7171,0.7633998832003013
7172,0.7090795190844192
7173,0.5580707110869308
7174,0.7199195499069452
7175,0.722501560792166
7176,0.4790077599250339
7177,0.415630574531699
7178,0.6467387916109181
7179,0.5093920383042576
7180,0.5388412035851203
7181,0.5618973631560288
7182,0.5796102242797412
7183,0.5470903063564801
7186,0.5217456838349579
7187,0.49498399031072277
7188,0.5834282990887322
7189,0.5851700086821922
7190,0.4807173166682393
7191,0.66541596241165
7192,0.6162720825759505
7193,0.5196577127124965
7194,0.44644393120890935
7195,0.5524718185569576
7196,0.5405719886843862
7197,0.5842476140839603
7198,0.5505879840236577
7199,0.558466622477522
7200,0.679551368260802
7201,0.7450512143689245
7202,0.42778076855275815
7203,0.3848176334058008
7204,0.5072739576076902
7206,0.6598794477200821
7207,0.5418816742931355
7208,0.39840070757175616
7209,0.468801617859886
7210,0.49667882669000957
7211,0.4837756798728834
7213,0.31281949907176465
7214,0.5239475232293076
7215,0.4224746910551785
7216,0.40064896903937464
7219,0.4262099786139952
7221,0.6613572407778108
7222,0.5857677892274267
7223,0.522084496924664
7224,0.5378421967434187
7226,0.5378421967434187
7227,0.5378421967434187
7228,0.47772644545641524
7230,0.6421829602009814
7231,0.5650911243948978
7232,0.6104481624599739
7233,0.7722000000902158
7234,0.5936961124614676
7235,0.931321098286642
7236,0.931321098286642
7237,0.9182047470077285
7238,0.7991380256045232
7239,0.8393838750560538
7240,0.8312346421866488
7241,0.8302385525254627
7242,0.8331792799427599
7243,0.862248529397907
7244,0.8575669268755987
7245,0.8575669268755987
7246,0.8018440866635721
7247,0.8575669268755987
7248,0.8430847863891789
7249,0.8454766364175169
7250,0.8657385680461268
7251,0.8791073882373485
7252,0.8430847863891789
7255,0.870240276370798
7256,0.8791073882373485
7257,0.8451140014632111
7258,0.8013829923401267
7259,0.8506933389628546
7260,0.843390808664239
7261,0.8455226807835842
7263,0.8285496449814335
7264,0.8191011781492892
7265,0.8183756895110955
7266,0.8338663022251481
7267,0.837869116514767
7268,0.8393838750560538
7269,0.8292786190529813
7270,0.844055518828519
7272,0.7869288522131029
7274,0.8283393608946417
7275,0.843441646770534
7276,0.8302385525254627
7277,0.8039809274796343
7278,0.8724165566950765
7279,0.9016430030604656
7281,0.892376014645569
7282,0.9107189564793512
7283,0.891331695857146
7284,0.7090053775418192
7285,0.6789020438422433
7286,0.7164143524825269
7287,0.8673337897234449
7288,0.9016430030604656
7289,0.7477418723116681
7290,0.8560173141487907
7291,0.8885876539592982
7292,0.8560173141487907
7293,0.8992024804063429
7294,0.9213077192495439
7295,0.9102633311399081
7296,0.8914119173636541
7297,0.9024948398958068
7298,0.9024948398958068
7299,0.9016430030604656
7300,0.9024948398958068
7301,0.8992024804063429
7302,0.9016430030604656
7304,0.9175048117133181
7305,0.7358175672324652
7306,0.8944249861377479
7307,0.9024948398958068
7308,0.8690586205657809
7310,0.874479631522949
7311,0.7847229492482906
7312,0.44990968538756604
7314,0.3051881964082557
7316,0.2526471139165022
7318,0.4072256588256316
7320,0.41923957784700794
7321,0.3896821623973632
7323,0.41643298273757257
7324,0.4599544842983914
7326,0.5893352249030609
7327,0.553812327223907
7328,0.3624596739929496
7329,0.3208560160217471
7330,0.6171311332422084
7331,0.6490481184953587
7332,0.5689650484913511
7333,0.3654337882562251
7334,0.3530026199975723
7335,0.2930948945003916
7336,0.41097072063645484
7337,0.19449155269948107
7341,0.4700173920207287
7342,0.4510285676592409
7343,0.3543109754495669
7344,0.3812778575031704
7345,0.35054317109085964
7346,0.36040771871188865
7347,0.3356404808243742
7348,0.5340896737927796
7349,0.36396971042709364
7350,0.4442036660956879
7351,0.3693897692023914
7352,0.8437116848618007
7353,0.8712739198672147
7355,0.8149831199890001
7357,0.35924083491121866
7358,0.380621191669738
7360,0.3010067688249749
7361,0.5274282151835467
7363,0.39319614231382344
7365,0.5009082844809938
7366,0.4963032267859325
7368,0.2954358028640654
7369,0.4105742577500718
7371,0.35482811035068385
7372,0.3020525691333181
7373,0.31437133966180075
7374,0.38534070753169286
7375,0.345390373524286
7377,0.31686370830212157
7378,0.32539617113556685
7379,0.3139069894749071
7381,0.3129180833645265
7382,0.3433909293698852
7383,0.5341431392683598
7384,0.5072466545389509
7386,0.5282861495925163
7389,0.36072982656806374
7393,0.6181196989630657
7394,0.48647881730847276
7395,0.5338300468359825
7396,0.20108515046147993
7397,0.38188413233721524
7398,0.23371677195804633
7399,0.5889827582326156
7400,0.538899009870192
7401,0.2749389841073045
7402,0.3160166220645729
7403,0.5594254003116857
7405,0.5772171811283869
7406,0.7622774633189309
7407,0.6258719316526483
7411,0.6393609698618757
7412,0.6245706560445229
7413,0.3730839345832006
7415,0.5630207388865652
7417,0.4037162172799387
7418,0.5749150348574301
7419,0.4773744492423448
7420,0.38913510180054617
7421,0.6747891704180498
7422,0.6747891704180498
7424,0.5634511715142528
7425,0.4497331246312295
7426,0.43912119306637104
7427,0.23554786176891856
7428,0.46441604729371055
7429,0.48972408214700874
7430,0.48635134089678
7431,0.2696619384010762
7432,0.42475999918695717
7433,0.4468293936888995
7434,0.4314998794454781
7435,0.28553322350665433
7436,0.3792192473968672
7439,0.5152776061822596
7440,0.3792192473968672
7441,0.42667295976687813
7442,0.4314998794454781
7443,0.4143161471122848
7444,0.4590362391725269
7445,0.24336095288633955
7446,0.2326818384848962
7447,0.2373491301736856
7448,0.24787983173973088
7451,0.33811822368299393
7452,0.3467562676860828
7454,0.3456517956781762
7455,0.8760997884895848
7456,0.3071443231788396
7457,0.31847613394117014
7458,0.2898897597094957
7459,0.3192730575794027
7460,0.3071443231788396
7461,0.3108485664334754
7462,0.3071443231788396
7463,0.3677694629250439
7464,0.29753569311394634
7467,0.3071443231788396
7468,0.5097575688995691
7470,0.27777366379005447
7471,0.6596982142949818
7472,0.6518857265729678
7473,0.6493696765037752
7474,0.633650992567496
7475,0.5877787585330237
7476,0.5716749234378472
7477,0.4572081815661785
7478,0.4979872497463265
7479,0.5181816511477537
7480,0.5509774445520248
7481,0.6152226623503653
7482,0.6936195496384467
7483,0.6304916085813722
7484,0.5623458167201354
7485,0.5537464579291634
7486,0.5859487903042283
7488,0.585430835421446
7489,0.5123044188056152
7490,0.5369491556686296
7491,0.7495366455945921
7492,0.6555678242357736
7493,0.521165125368723
7496,0.48808459206857024
7498,0.5906605454681821
7499,0.5337877264090666
7500,0.506303348902752
7501,0.5303753799832643
7504,0.538899009870192
7505,0.7278712238474133
7506,0.5262296119662717
7507,0.5334979004136594
7508,0.5608118568382413
7509,0.5530768571051725
7510,0.4911277790068461
7512,0.4508575546440655
7513,0.5129080115458529
7515,0.5644950546010655
7516,0.5849463638148457
7517,0.6934248134118005
7518,0.7024493009036133
7520,0.7404686262647138
7522,0.5994983916070141
7523,0.7183220994409545
7524,0.7053976721502248
7525,0.6579806677361042
7526,0.6760472825535199
7527,0.7347033457073403
7528,0.6554701413176736
7529,0.6971022727043944
7530,0.5794933817662598
7533,0.6698798880218292
7534,0.5847927847976845
7535,0.6728468965305935
7536,0.6297706361027252
7537,0.6542910499696468
7538,0.7601237093609281
7539,0.6816934997247571
7541,0.6301453921246039
7542,0.6819371159972267
7543,0.6431001488366287
7544,0.49989449223629034
7545,0.49989449223629034
7547,0.5448183218507885
7549,0.453798558868585
7550,0.492321389197418
7551,0.47817693737149924
7552,0.5465088151768864
7555,0.6517509056899261
7556,0.567339644212561
7557,0.5916960521574348
7558,0.5722888875037043
7559,0.6473790253532548
7560,0.6446559947715437
7561,0.6577312445614789
7562,0.6419267632812257
7563,0.6097668944334008
7564,0.6017086267029694
7565,0.5417795620897768
7566,0.6223819137001849
7568,0.5726383079549502
7569,0.6119232969120632
7570,0.5842773680265436
7573,0.5988223815003015
7574,0.5842773680265436
7575,0.6119232969120632
7576,0.5593736914372015
7577,0.5495612485356264
7579,0.5827619786668334
7580,0.6346974800111506
7581,0.576565999545142
7582,0.6442230197773651
7583,0.5953131143126622
7584,0.6627252564452194
7585,0.641522060005176
7586,0.6296615111699441
7588,0.47447782808373795
7590,0.5095158171982597
7592,0.8379556919877713
7593,0.8510473244107409
7594,0.8379556919877713
7595,0.8493879523906228
7596,0.6500861346222102
7597,0.7250181965390413
7598,0.6013815268249965
7599,0.6152226623503653
7600,0.5608118568382413
7601,0.5208546638339149
7602,0.5699788498530378
7603,0.497689992161143
7605,0.5544077788935245
7606,0.6379144061577247
7607,0.6212537528576734
7608,0.5691707363229077
7610,0.5544077788935245
7611,0.5599335852784625
7612,0.47320654172657384
7613,0.6071808810883939
7614,0.379080838535592
7616,0.49989449223629034
7617,0.3655868115006182
7618,0.3767019937493393
7620,0.6827064853220164
7621,0.41814478670153665
7622,0.3632381826098326
7623,0.4353677293768186
7624,0.3720032017128883
7625,0.30904206735327094
7627,0.3129717954655224
7628,0.32037951771068457
7629,0.3342520011164382
7631,0.3048504384949572
7632,0.3255222033113562
7633,0.41107492897695047
7634,0.43028922585724205
7635,0.22884475729259188
7636,0.3397596728480376
7637,0.5542510628128511
7638,0.5491767975719256
7640,0.31460360927168707
7641,0.25179537549541503
7642,0.2960129728356052
7643,0.31460360927168707
7644,0.4361929290381425
7645,0.33807014286498516
7647,0.32902059778109355
7649,0.3588186764543555
7650,0.4757779494376673
7651,0.3418503599154221
7652,0.4531140346330446
7653,0.40481744485982496
7655,0.49551493334715635
7658,0.7317331169526422
7659,0.7797584869462325
7660,0.4014414194024557
7661,0.44433097705001134
7662,0.506335059957416
7663,0.3717743406646123
7664,0.2848879844082487
7665,0.49817439509939243
7668,0.3673271028902336
7669,0.6047948332330388
7670,0.4133976222118206
7671,0.41961624017824445
7672,0.5779435639990586
7674,0.37967192062220606
7675,0.45705138417267227
7678,0.5558832661115427
7680,0.5541327158358454
7681,0.6803741422881805
7682,0.20575107550511884
7683,0.4316692300612659
7685,0.385746955248394
7687,0.5290493360322657
7688,0.6155521165391755
7689,0.6563205121818568
7690,0.43531981593925567
7691,0.43531981593925567
7693,0.43531981593925567
7694,0.48720735364624473
7695,0.5173069489346611
7697,0.4654648975302595
7698,0.5278008112618552
7699,0.534481246362681
7700,0.43629669112944613
7701,0.6299793754102304
7702,0.541048383772267
7703,0.6336655496108698
7704,0.2921979260844758
7705,0.42576672184147946
7706,0.20600227092548207
7707,0.6316607502904085
7709,0.7338565092508194
7710,0.7504893247434816
7711,0.7593791832746638
7712,0.47142707034961073
7713,0.6055848720239686
7715,0.8257292450760613
7716,0.8016814133138855
7717,0.8267489432944686
7718,0.8462526427476496
7720,0.8385753942999737
7721,0.7626684565679474
7722,0.7489371643050449
7724,0.7397025508815878
7725,0.584958031366782
7726,0.5347244349043729
7728,0.5346121844091548
7729,0.6492594349116482
7730,0.5117970713552825
7731,0.46126439353103227
7732,0.5827985589027284
7734,0.48832808373603925
7736,0.7480616184122004
7737,0.36337033839616445
7739,0.7957604656312304
7740,0.8252956751761558
7742,0.7518923645594301
7743,0.7271886117912999
7744,0.314068132340618
7745,0.4159489187800278
7747,0.5474578552977243
7748,0.4347523240697419
7750,0.6736373136483645
7751,0.7117277587001072
7752,0.6614372649216648
7753,0.6579195456488921
7754,0.5040086465606384
7755,0.46852081997708683
7756,0.49144063348248435
7757,0.49144063348248435
7758,0.45688664997464473
7759,0.46852081997708683
7760,0.4389006521742279
7762,0.34236605400136194
7764,0.2694493489550939
7765,0.3347316284006437
7766,0.6545316964604202
7767,0.18215999235466457
7769,0.20133130145577105
7770,0.1581876073922753
7771,0.4199490022328278
7772,0.5901984692999384
7773,0.5901984692999384
7774,0.5901984692999384
7776,0.5529664918264774
7777,0.4920897085214919
7778,0.4920897085214919
7780,0.5504749751403765
7781,0.4737393956009464
7782,0.5701903154038988
7783,0.4638336601860548
7784,0.516420980140202
7787,0.4066157730009643
7788,0.44713839822385437
7789,0.6915003694725264
7790,0.4831791719954558
7791,0.4248689545385727
7792,0.5788809998464537
7793,0.5634728540386991
7794,0.5600551041867092
7795,0.37998888611101395
7797,0.6818966240369261
7798,0.544646732338067
7800,0.5285129094636857
7802,0.5782985373393871
7803,0.7115302196153435
7804,0.7444588034322158
7805,0.675762200496152
7806,0.6687431221848896
7807,0.6746061846504218
7808,0.7409500696235675
7809,0.78925996815487
7811,0.7601055228802631
7812,0.6687431221848896
7813,0.6865120880097214
7814,0.6746061846504218
7815,0.6601838291903904
7816,0.4722078070139053
7817,0.3422155857378108
7818,0.28416491626866897
7820,0.2720450160040409
7821,0.2948897570404755
7822,0.38883889402546506
7823,0.4404727390880409
7827,0.5152750853027293
7828,0.5087582471375305
7830,0.5495612485356264
7831,0.5268467210948193
7832,0.6241082001862867
7833,0.2556188129904755
7834,0.5103813003278492
7836,0.6607517255009036
7837,0.37967192062220606
7838,0.18215999235466457
7841,0.5419290139544019
7842,0.7770673143296876
7844,0.509203253021136
7845,0.3366086876271386
7846,0.4040890750158538
7847,0.31505050774374616
7849,0.4036865897159693
7850,0.5327383443354793
7851,0.5902641115680283
7853,0.4973625390552105
7855,0.1771735615364812
7856,0.3934160162536508
7857,0.4866611163289723
7858,0.5003353159038246
7861,0.41969679446524116
7862,0.48046178095358416
7863,0.4683586716687581
7865,0.47060070248943
7866,0.4766620010977792
7867,0.506335059957416
7868,0.5216033088102582
7869,0.31599754486288856
7870,0.4045314275357333
7872,0.45964736500453174
7873,0.5329400527898678
7874,0.7493955813927705
7875,0.4497331246312295
7877,0.42780273152132425
7878,0.40174514639217046
7879,0.41720982788980127
7880,0.4323898904146695
7881,0.3944889272910307
7883,0.46704494797419666
7884,0.46704494797419666
7885,0.5662640426234145
7886,0.5330216305276375
7887,0.5800789735193606
7888,0.636075281437258
7889,0.5980102011947508
7891,0.5014521612007535
7892,0.49759065031347754
7893,0.4593916206760546
7896,0.5413684331123342
7897,0.4593916206760546
7898,0.544935817206471
7899,0.5103200561014054
7900,0.5137239050066843
7901,0.5562973669704868
7902,0.6511587024753425
7904,0.656687436635866
7905,0.6196910792202979
7907,0.6342979327400174
7908,0.6899345450346376
7909,0.5628302842844636
7910,0.6418238792042016
7911,0.6196910792202979
7912,0.6510638510839944
7914,0.7568227830612428
7915,0.5399219156424103
7916,0.4307375768240386
7917,0.6170120572260046
7919,0.41385681006537384
7922,0.5700560449743225
7923,0.4317325236400749
7924,0.4422269336366921
7925,0.5003346211298151
7926,0.47175311165368755
7927,0.3918146758419934
7930,0.3659131149121158
7931,0.3891848134772406
7932,0.3570335026064887
7933,0.37458084976183026
7935,0.37967192062220606
7936,0.39584227006496725
7937,0.3860050389320337
7938,0.4615630243813969
7939,0.3041998914504839
7940,0.42252611744181545
7941,0.5393184050026851
7942,0.37967192062220606
7945,0.42047349379339116
7946,0.19370379483809225
7947,0.45459862021252534
7948,0.44017257210076405
7949,0.49749168282968964
7950,0.3930482637994915
7951,0.7489765048373966
7952,0.6931629878213235
7953,0.43281001748549497
7954,0.503060999440845
7955,0.5934704457745388
7956,0.5154253383803404
7958,0.4975007298850363
7959,0.397728088982531
7960,0.5229399223934328
7961,0.514272779630737
7962,0.4282650125977397
7963,0.5319860921192361
7964,0.5229399223934328
7966,0.44017089484303795
7967,0.44017089484303795
7968,0.6410814735834655
7969,0.6319515582162828
7972,0.3783101987888549
7973,0.5095286744021772
7974,0.26332417418799153
7975,0.37753793463275925
7976,0.3500423911918935
7977,0.6482031343565332
7978,0.5154803894702135
7979,0.49749168282968964
7980,0.5502818186318228
7981,0.6816641099411145
7982,0.5984524497572159
7983,0.5050150201109449
7984,0.6420217103871814
7985,0.63661009159502
7986,0.5805746871082348
7987,0.6248324089238367
7988,0.5921538200601967
7989,0.6543291793139939
7990,0.7376838530643568
7991,0.6874521464836385
7993,0.6543291793139939
7994,0.7100072408811609
7995,0.7220503122286543
7996,0.5570629928016776
7997,0.5706698782116741
7998,0.6374658761002848
7999,0.6483664960512329
8000,0.7333241780025814
8001,0.5903727848917131
8003,0.3798472787506419
8005,0.4728810469033973
8006,0.36581501539503963
8007,0.4052615072995646
8009,0.6722908188558607
8010,0.4185394495143183
8011,0.36581501539503963
8013,0.44045366289857496
8014,0.47706515887164597
8015,0.5432364789245409
8016,0.38985148055637203
8017,0.2983684775385279
8018,0.6244958696568204
8019,0.41097072063645484
8020,0.44060465306680147
8021,0.37898025052226286
8023,0.40409736346889213
8024,0.47789186815716383
8025,0.40788343592803256
8026,0.442459370215208
8027,0.442459370215208
8028,0.47115937494669724
8029,0.45933532934326815
8030,0.4313668885111901
8031,0.46754783038442266
8032,0.38523987760398415
8033,0.4037554977261756
8034,0.4179117193350508
8035,0.38988791839523185
8037,0.37817591556176733
8038,0.4011224751440328
8040,0.3673500644443708
8041,0.39039252134485847
8042,0.3707365883058041
8043,0.37726575088853126
8044,0.5851485907341508
8045,0.6187261921238129
8046,0.33024275681454085
8047,0.32794978385150453
8048,0.40174514639217046
8049,0.40409736346889213
8050,0.5026341625181543
8051,0.3388042540254704
8053,0.40174514639217046
8054,0.42780273152132425
8055,0.40174514639217046
8056,0.3206985400257281
8058,0.3991835566547548
8059,0.5987032208105983
8060,0.3982122419722803
8062,0.3618850001308919
8063,0.1837171935624833
8064,0.2482534834455253
8066,0.2276405090377075
8067,0.41473620922279775
8068,0.33655884171768063
8069,0.43105016154769393
8070,0.13098208389002267
8071,0.15481258973957027
8072,0.5063656823690847
8073,0.3279384720091393
8074,0.715457467560989
8075,0.62343818971905
8077,0.3057280252342744
8078,0.3114702780509129
8079,0.30089138366053214
8080,0.1364220908306975
8081,0.47220018469320174
8082,0.3118991597941657
8083,0.39264861243047594
8084,0.6250071466142484
8086,0.3150030643094546
8087,0.5256092936379217
8088,0.6250071466142484
8089,0.3916418192726373
8090,0.44550505573587895
8091,0.4500742716583013
8093,0.3872736907240213
8094,0.5802255556245861
8095,0.5675167440021983
8096,0.5675167440021983
8097,0.6851389794697421
8099,0.36138359557127003
8100,0.4502786036660558
8101,0.3579014783685113
8102,0.3987437262794589
8103,0.44134064077084706
8104,0.41715269117257664
8105,0.3579014783685113
8106,0.34947771652322307
8107,0.5413061813863232
8108,0.6851389794697421
8109,0.6998676415428424
8110,0.4206253492379284
8111,0.46587182743496147
8112,0.458362159145328
8113,0.5335327227814441
8114,0.5335327227814441
8116,0.47903892181215896
8117,0.4499062786936254
8118,0.7230630414356032
8119,0.40321650729761505
8120,0.7373065655828244
8123,0.40174514639217046
8124,0.4460696497489102
8125,0.5304889683337047
8126,0.3586520628260842
8127,0.32481108631898664
8128,0.5487500033426401
8129,0.5249940497958974
8130,0.5024593914628903
8131,0.5244303683981142
8134,0.5114023440006271
8136,0.5847291177608598
8137,0.4507605044246386
8139,0.5286039934502353
8140,0.46369057705316014
8141,0.6086210153612868
8142,0.5669243364361974
8143,0.37092929635113764
8144,0.37092929635113764
8145,0.6042782315700542
8146,0.35534947219217405
8149,0.5002782184221549
8150,0.4456157631924695
8152,0.6019797387902994
8155,0.5034808575309367
8156,0.5470181022796567
8157,0.4436503485132086
8158,0.5416799465925175
8159,0.4615265111893318
8160,0.4868365847496992
8161,0.48634154114182604
8162,0.46764434085161183
8163,0.3615498958870296
8164,0.7299963302686967
8165,0.29783093522543314
8168,0.6851389794697421
8169,0.5109660281728652
8170,0.5506913762412631
8171,0.48751656692271206
8172,0.5306427765206275
8174,0.5772433873923574
8175,0.5688090823477395
8176,0.45746369014143984
8178,0.6440983146670205
8179,0.6443426078356419
8180,0.6551808421217701
8181,0.6136703594894193
8182,0.6136703594894193
8183,0.7263471681331434
8184,0.31160868944323494
8186,0.7185957911089372
8187,0.766979753148721
8189,0.766979753148721
8190,0.4954535546647373
8191,0.6832060905468285
8192,0.45721036622082856
8194,0.35031935912636386
8195,0.6144145010691229
8196,0.45139209838141536
8197,0.5275132106581802
8198,0.49140489481882765
8199,0.4641513463434828
8200,0.5949878957917326
8202,0.2946994158845518
8203,0.5991785994226807
8204,0.5018996198188154
8206,0.49904289801602447
8207,0.47760766860848464
8208,0.43970748095164786
8209,0.48022541648014594
8210,0.4263280407813433
8211,0.45606858816077817
8212,0.34671326120438334
8213,0.5525702154744216
8214,0.6137028884970025
8216,0.3672756342863302
8217,0.4188152312115859
8218,0.3661051478976707
8219,0.33643199612980584
8220,0.21219021187683204
8221,0.3640878263640614
8222,0.37613080407912053
8223,0.4083008757977652
8224,0.40790057875052915
8225,0.241617747636383
8226,0.3543947455681867
8227,0.3437429302824994
8229,0.38597689458742124
8230,0.4024629994842894
8231,0.5291693397343007
8233,0.4868346856033843
8234,0.6969309845029587
8236,0.4324937508169981
8238,0.5949878957917326
8241,0.36880761563139147
8242,0.3626911890176587
8243,0.6098511245114066
8244,0.509203253021136
8245,0.5870843840670008
8246,0.5809310363331175
8247,0.475372028449009
8248,0.5106397620184601
8249,0.6256248176722655
8252,0.5791302395414561
8253,0.6435170018715448
8254,0.3591179030557747
8255,0.40015125083675734
8256,0.4526914953192963
8257,0.6989579945443153
8258,0.4579566329601712
8259,0.49677981309627717
8261,0.5850362961695036
8262,0.3752335705156831
8263,0.3626911890176587
8266,0.43314324804970533
8267,0.4217304884391213
8269,0.5409618170950165
8270,0.5284077522054575
8271,0.5002717890935306
8272,0.4585867312906556
8273,0.7844824308712247
8276,0.7772577890160087
8277,0.8239291926914487
8278,0.8239291926914487
8280,0.7736878003881934
8281,0.7883269827071572
8284,0.767391217078259
8285,0.7456258562627615
8286,0.8009653830240785
8287,0.7608305636496056
8288,0.6416210244535071
8290,0.6891740226071558
8291,0.6631422692600023
8293,0.679898469338161
8294,0.6669103607452226
8295,0.6858115943183662
8296,0.6669103607452226
8297,0.7198833279882706
8298,0.6737035559702994
8299,0.7037284775685702
8300,0.6650050084059246
8302,0.4752795177233371
8303,0.4550594362437875
8304,0.3848176334058008
8306,0.48969285226650483
8307,0.3768156843848683
8308,0.37967192062220606
8309,0.6056010445778005
8310,0.46517581440023403
8311,0.4301266139564965
8312,0.50520714344073
8314,0.617800148415551
8315,0.5994162761012898
8316,0.497429677786818
8317,0.3129180833645265
8318,0.5816770609908326
8319,0.5440342865322675
8320,0.4701723217677742
8321,0.3633957297669049
8322,0.40299111784396535
8323,0.36636385190319704
8324,0.3934308461827654
8325,0.4181435215930488
8326,0.3602992140973332
8327,0.35551328139433686
8329,0.4186340849557076
8331,0.5989895279659877
8333,0.3805668363088118
8334,0.49031453895302435
8335,0.4281503737752127
8336,0.5547462701481918
8337,0.504290141756113
8338,0.4813080452072621
8340,0.36095263581147585
8341,0.5200344721677849
8344,0.4192044777376962
8345,0.4512564335443092
8347,0.3792844252584496
8348,0.43595191076050344
8349,0.4856626119945811
8350,0.42780273152132425
8351,0.3567334439585492
8352,0.2607142356218302
8353,0.3872781159101824
8354,0.5416122052312188
8355,0.593170233741706
8356,0.3965558261601991
8357,0.3418450529635298
8358,0.37640110120787584
8359,0.45961193477481976
8360,0.6443118437298196
8365,0.4862747364670785
8366,0.351432941110806
8367,0.49623127122490257
8368,0.6006684473030895
8369,0.41482828561713575
8370,0.5396331464040285
8371,0.47698232716969685
8372,0.42909720219675074
8373,0.5198281969728422
8374,0.40029227128037137
8375,0.44759757544681295
8376,0.4017656197218806
8377,0.5155851485276978
8378,0.4545223259737364
8379,0.3359187137422048
8380,0.4574663698235059
8381,0.3491085381177464
8383,0.4706396302542839
8384,0.4264700497953692
8386,0.33120843596538185
8388,0.5123044188056152
8389,0.5655516359996376
8390,0.50520714344073
8391,0.5254132406097141
8393,0.5112819540189412
8394,0.33861638832716073
8395,0.5327563562129085
8396,0.37143374534547635
8397,0.599454733566989
8398,0.5988553804785406
8399,0.606503295095265
8401,0.602819507989865
8402,0.38118027613915295
8404,0.4093225903664223
8405,0.4959537992239812
8406,0.4959537992239812
8407,0.4959537992239812
8408,0.40346556941704864
8409,0.4912008832132235
8410,0.5580865905278493
8411,0.5959471915834244
8412,0.31517417611196025
8413,0.28309729336717127
8414,0.32650328312187504
8415,0.32481604201881065
8417,0.43111578319491445
8418,0.4979510811615519
8420,0.39947287206085724
8421,0.5482327350836703
8422,0.3108376064355112
8423,0.3837963338742886
8424,0.4244333992441937
8425,0.40463023471113807
8427,0.3837963338742886
8429,0.655253620083589
8430,0.6665282952810149
8431,0.605133562464192
8432,0.6222536566249879
8433,0.6132544656067471
8434,0.6132544656067471
8435,0.49763825000783257
8436,0.5001161232248588
8437,0.5468771030094193
8438,0.43413853755908344
8440,0.5108960594064068
8441,0.4996016324649947
8442,0.35224714717913286
8443,0.3126230673896886
8444,0.6517461206892414
8445,0.49960066139700016
8447,0.16410312795619855
8449,0.16765195988151907
8450,0.16410312795619855
8451,0.48143733611868966
8452,0.4403418193772298
8453,0.41894126251328007
8454,0.25305995531808867
8455,0.5305203152711574
8457,0.6192826961633461
8458,0.5429755753606578
8459,0.4862516262734977
8460,0.4899322836795636
8461,0.5749020177815638
8462,0.564576132672896
8463,0.5787717745585951
8464,0.6463300392223378
8465,0.622409107395566
8466,0.6150173433343368
8467,0.7558604655184692
8468,0.5997287223510782
8469,0.37378728747760337
8471,0.5902593151987612
8473,0.43887899718536244
8474,0.26733246389980875
8475,0.2519329241955462
8476,0.6071375553144518
8477,0.6346379922328372
8479,0.5898993623633982
8480,0.5951936547759987
8481,0.6239229185546666
8482,0.5269290386970027
8483,0.41140264623427886
8484,0.4064675961893317
8485,0.30395960295510394
8486,0.5216913170969432
8487,0.671684918675997
8488,0.43659051431371265
8489,0.3819499371967815
8490,0.37424362777516895
8491,0.5671246549118427
8492,0.18536177129982218
8493,0.2516794252417475
8494,0.24836734155604953
8495,0.3470235493922848
8496,0.4112121773124042
8497,0.39305896674297713
8498,0.573928237656027
8499,0.4897703799094957
8500,0.3446392618779319
8501,0.3470235493922848
8502,0.36401543657859065
8503,0.4325841896755578
8504,0.36165886351737203
8508,0.5876627743311539
8509,0.6753373250241348
8510,0.40942037924422403
8511,0.22266734844904312
8512,0.20516624013575252
8513,0.23079486433203977
8515,0.21278535926856967
8516,0.29908412726263056
8517,0.2556188129904755
8518,0.23975201489917458
8519,0.30129416142025484
8520,0.24336191227122314
8521,0.23962199322034608
8523,0.19423669424259135
8525,0.21278535926856967
8527,0.44412533006938504
8528,0.3109967894453937
8529,0.4502786036660558
8530,0.3693131208648044
8531,0.3637144223594413
8533,0.44412533006938504
8534,0.40942037924422403
8537,0.407373201985591
8539,0.4259342478945028
8540,0.4010772687783623
8541,0.4010772687783623
8542,0.3799441147495798
8543,0.42526045559063114
8544,0.5258828645093212
8545,0.22756282468227743
8546,0.42047349379339116
8548,0.3884516863207227
8549,0.40942037924422403
8550,0.3882418682890807
8551,0.20575107550511884
8552,0.5086687752431736
8554,0.24626822682245034
8555,0.24626822682245034
8556,0.20985982000361172
8557,0.2556188129904755
8558,0.2556188129904755
8559,0.2348776848108155
8560,0.2556188129904755
8561,0.380551952695846
8562,0.40174514639217046
8564,0.4037456662183865
8565,0.3884516863207227
8566,0.3142480743561926
8567,0.29493615445403043
8568,0.5635292244980881
8571,0.5312247654941457
8573,0.7604446976728141
8574,0.7394098503670999
8575,0.7770673143296876
8576,0.7314120492864903
8577,0.7542332327371974
8579,0.7354152169138458
8580,0.4378861212801412
8581,0.3913668899833508
8582,0.27283828401837046
8583,0.4506441803502595
8584,0.34180793528881753
8585,0.6718735305292621
8586,0.5804483892204808
8587,0.41986234751573553
8588,0.4915714814418653
8589,0.4523130115562399
8590,0.4025496224630884
8591,0.39085158248125323
8592,0.45705138417267227
8593,0.4320025027120332
8594,0.4124567992459672
8595,0.5843225726936807
8596,0.596650972625506
8597,0.32961916758267146
8598,0.5599813780580226
8600,0.6021450629131353
8601,0.549519515652986
8602,0.5409395010891479
8603,0.6306198616641719
8605,0.40928096821801274
8606,0.4828209471999004
8607,0.4625350843281321
8608,0.3311965173483307
8609,0.6329568511157545
8611,0.5226190504087301
8612,0.3755336865771125
8614,0.46089952659560424
8616,0.3690205659936195
8618,0.3434188252709846
8619,0.38519716249004493
8620,0.3768156843848683
8621,0.385266373084392
8623,0.31461736665204854
8624,0.5032692725166906
8626,0.42585611951599905
8627,0.3054432179178417
8628,0.391495094878907
8629,0.39287433015002476
8630,0.43459665138490366
8631,0.4404766169821621
8632,0.44315667575346485
8634,0.29947992404272583
8636,0.30483340117922386
8637,0.2995701704424361
8638,0.3137900368366228
8639,0.3152456835084452
8640,0.3069307319655634
8641,0.3152456835084452
8642,0.4411199518741807
8643,0.2995701704424361
8644,0.3638666476351214
8645,0.6105592857737135
8647,0.6759021778017443
8648,0.678089243010652
8650,0.6655452774567872
8651,0.6859167929531907
8652,0.6196488510673442
8653,0.48824435708367087
8656,0.4309379811600673
8657,0.6896144337669021
8658,0.5046762632619542
8659,0.4370321309258934
8660,0.376928833559196
8661,0.36581501539503963
8662,0.21867988462690385
8665,0.3088817297288525
8667,0.43047124817426125
8668,0.4565657908646285
8669,0.7505812527170083
8670,0.7998892269984835
8671,0.5595484906681523
8673,0.6931496765976864
8674,0.6931496765976864
8675,0.36788024665931635
8677,0.31028087613404753
8678,0.33385632691146633
8679,0.44778426823599915
8680,0.4901872314548536
8681,0.5227456772802358
8682,0.4971150472135048
8683,0.503595709061619
8684,0.5227456772802358
8685,0.44778426823599915
8686,0.43912119306637104
8687,0.43912119306637104
8688,0.5311789940703082
8689,0.38939877915751164
8690,0.5205813400707042
8691,0.5020410521210972
8693,0.3491710776359322
8694,0.4937640680230256
8695,0.4901890524447254
8696,0.37967192062220606
8698,0.3413266377198397
8699,0.4912889538780442
8700,0.5895075084715257
8701,0.5895075084715257
8702,0.17260097892973927
8703,0.15688720002419101
8704,0.17260097892973927
8705,0.1620144894125172
8709,0.39369574060191415
8711,0.44950774141916866
8712,0.44043931550523285
8713,0.6585514238255595
8714,0.6003421518180103
8715,0.4694728104609479
8716,0.5387610859367602
8718,0.5955401836126192
8719,0.5300203368143492
8720,0.5440342865322675
8722,0.5237495898027814
8725,0.75374964385661
8728,0.5470685502701024
8729,0.7014733888751733
8730,0.6046960329982857
8731,0.6009118563309046
8732,0.5641655189221355
8733,0.5809310363331175
8734,0.5834138013004242
8735,0.6889778834827036
8736,0.6833875843943031
8738,0.6634828400912559
8740,0.6152998200236954
8741,0.6731641735170372
8742,0.5822309029480789
8744,0.4559794464993218
8745,0.5725035271300449
8746,0.6078996590626922
8748,0.5809310363331175
8749,0.5725035271300449
8750,0.5809310363331175
8751,0.5725035271300449
8752,0.6078996590626922
8753,0.6186505164714684
8754,0.6045799041049216
8756,0.58182390750023
8757,0.5603417627176647
8758,0.5528436993534273
8761,0.509213144546627
8762,0.6230554549747795
8763,0.5516116247666359
8765,0.5832234308401969
8766,0.48168363254872854
8768,0.5845126075169654
8769,0.5462226593548363
8770,0.5541203554038237
8771,0.537027589666247
8772,0.5967080508859876
8773,0.561700494074382
8774,0.580075829565424
8775,0.39617319918532273
8776,0.504121153825266
8777,0.39686622384852727
8779,0.3413266377198397
8780,0.4169125850917855
8781,0.40174514639217046
8782,0.36576393345077757
8784,0.5573091270675329
8788,0.3491030214775224
8789,0.3491030214775224
8790,0.4252279590104224
8791,0.34287078722918035
8792,0.6173813469037399
8793,0.34287078722918035
8794,0.3873293320564362
8796,0.18577072654579047
8798,0.16779763544494247
8799,0.16779763544494247
8800,0.3259384203752658
8802,0.42726450169629165
8805,0.6306676307292167
8806,0.5945026270245238
8809,0.7250969030190231
8810,0.665847010513031
8811,0.7702735676944582
8812,0.7765456661764053
8813,0.711932159885758
8814,0.7645273933377937
8815,0.711932159885758
8816,0.7144370580633915
8817,0.5573091270675329
8818,0.5813911500340252
8819,0.5141323838928973
8820,0.5297510815067411
8821,0.6089746555574094
8822,0.580075829565424
8823,0.6105592857737135
8824,0.5475830326405241
8825,0.6090113566005617
8826,0.6524402541577689
8827,0.5100622602679661
8828,0.3675296883722912
8829,0.5239854193411843
8830,0.5801812821208586
8832,0.39686622384852727
8834,0.5345881741123923
8837,0.40174514639217046
8838,0.3503914387694566
8839,0.3907132381243218
8840,0.2655206251056172
8841,0.2978695905618522
8844,0.6213981864408703
8845,0.5245371636241273
8846,0.5312550266756308
8847,0.34443675775075105
8848,0.3287792110418329
8850,0.5555027925007631
8852,0.6248095574968257
8853,0.6507447996895935
8855,0.6225089485359455
8856,0.41220611659341494
8857,0.3533950455778354
8859,0.29490006158751386
8860,0.376067165488336
8861,0.6924461057861104
8862,0.6507447996895935
8863,0.6026595670521376
8867,0.4898541851964255
8868,0.27882681088354505
8869,0.3705566093306621
8870,0.2715620637737738
8871,0.34545581414200105
8872,0.4056728547320314
8874,0.33598054627905294
8875,0.36531267161315245
8876,0.36552327946022456
8877,0.6511971445025156
8878,0.7094288717841508
8880,0.49059723442435027
8882,0.42571666130105
8883,0.3637144223594413
8885,0.6408979253036053
8886,0.6060449622298097
8888,0.38568653538252273
8892,0.6969309845029587
8893,0.6935948357298533
8894,0.446863786977597
8895,0.6334744864606235
8896,0.24082181194309948
8897,0.31856069668205106
8898,0.4525430801058632
8903,0.5677524646033439
8904,0.4361929290381425
8905,0.44592549734835746
8907,0.4764436359852449
8908,0.4853377664744042
8911,0.48046452496540865
8912,0.4363568790415548
8913,0.4363568790415548
8914,0.38408667792735446
8916,0.3375269233729009
8917,0.29897397145339843
8918,0.4562856753334243
8919,0.5629366292429695
8920,0.35551328139433686
8921,0.6045799041049216
8924,0.7095468785421359
8925,0.7635104334216986
8926,0.7015974263790734
8928,0.355606160362683
8929,0.5212011093804564
8930,0.5914023232815458
8931,0.4636466773879768
8932,0.3506634905057995
8933,0.3921403354327909
8935,0.5710350812542627
8936,0.6114926433614922
8938,0.5321281332935263
8940,0.3733170088166963
8941,0.38787378303407266
8942,0.3162016321280909
8943,0.2931756678161864
8944,0.4240740476129916
8945,0.7573009289957664
8946,0.18823841959271354
8947,0.30412558404680384
8948,0.25981026510617183
8949,0.30412558404680384
8950,0.1778609191216471
8953,0.5774880822552856
8954,0.6137272581024259
8955,0.6204529891655147
8956,0.5901230997459508
8957,0.6083924707404654
8958,0.6083924707404654
8959,0.3185237586168855
8960,0.3031902392637587
8962,0.3181138120559361
8963,0.6613567652143948
8965,0.536102219470713
8966,0.4083230882905712
8967,0.6083924707404654
8968,0.6204529891655147
8969,0.5729176509300213
8970,0.5901230997459508
8973,0.47193143717763136
8974,0.5582698001385735
8976,0.5164930326412196
8977,0.6054224055295048
8979,0.5729176509300213
8980,0.30741640285924965
8981,0.3710217893028606
8982,0.4804855313188685
8983,0.33568412192680996
8984,0.6893248777973937
8985,0.6005377502069138
8986,0.5935087833033252
8987,0.5640881237500078
8989,0.2561197586966462
8990,0.1889935912537675
8991,0.200305448146616
8992,0.2885408412087204
8993,0.31324390198205315
8994,0.48612616126011804
8995,0.29156524959572977
8996,0.35551328139433686
8997,0.31361099604518805
8999,0.646272012356828
9001,0.6457255249760366
9002,0.698608887674524
9003,0.7384115998182815
9005,0.7121994633864275
9006,0.6704759579354149
9007,0.5432684175173194
9008,0.6261198562841205
9009,0.5349414344036172
9010,0.6291727100661975
9011,0.6347225275972855
9012,0.17420994459403835
9013,0.21785081329445116
9014,0.27629274333958015
9015,0.20001111892494733
9016,0.5970531969270749
9017,0.41355102065871596
9018,0.371920551900044
9020,0.389737096941231
9022,0.4245205687971304
9023,0.18215999235466457
9024,0.27629274333958015
9025,0.2451757495939713
9027,0.22742855063040807
9029,0.20133130145577105
9030,0.5187604312172117
9031,0.7573009289957664
9032,0.6187886191028842
9033,0.3965470265836569
9034,0.3364203490010598
9035,0.4258609915375294
9036,0.44492918603230824
9037,0.5793462942434293
9038,0.3712326008509205
9039,0.33400316401727953
9040,0.3826742101830648
9041,0.37609005811992835
9042,0.3325504253389253
9043,0.4727054316937907
9044,0.5187842709069632
9046,0.23703038680294086
9047,0.2328031778139193
9048,0.3042125663981042
9049,0.5573484667062851
9050,0.5379538564052345
9052,0.3470235493922848
9054,0.41275307102991937
9055,0.5907460320065676
9056,0.50248811798332
9057,0.5414180435089331
9058,0.22567382825190993
9059,0.6990822830537653
9060,0.17260097892973927
9061,0.15688720002419101
9062,0.15688720002419101
9063,0.21904536269592445
9065,0.1672592268814027
9066,0.1806433721494332
9067,0.27629274333958015
9068,0.36044066391076923
9069,0.5546890951019532
9070,0.312219680688292
9071,0.47304478250845894
9072,0.5309982793404466
9073,0.37977621366977615
9074,0.465938108371141
9075,0.4509454147028031
9076,0.34375943627164934
9077,0.41628766613581897
9078,0.41811045377722234
9079,0.3576006569027168
9080,0.38327116550956236
9081,0.5077233654352902
9083,0.40990333547841773
9084,0.2980635260173601
9085,0.2481478928135872
9086,0.30673336162556997
9087,0.3310323727979394
9088,0.3170323995733518
9089,0.307853543456998
9090,0.24733714599231238
9091,0.30673336162556997
9092,0.3285804863395482
9093,0.28611503600931226
9094,0.3050101845248993
9095,0.347170473063257
9096,0.28162367449117454
9097,0.3348825861233736
9098,0.3123624630153583
9099,0.27472111759655155
9100,0.4727054316937907
9102,0.3544691389595097
9105,0.3046543318463205
9106,0.2908144453047665
9107,0.3370765181878551
9108,0.4266906389278842
9109,0.31082032191944947
9110,0.3140180627354905
9112,0.2026043797775671
9113,0.2756327688344398
9114,0.2480478190429008
9115,0.2372429425883021
9117,0.250613777344971
9120,0.19948197591150804
9121,0.2480478190429008
9123,0.2550791264790619
9124,0.4657278157617095
9125,0.14454758833527112
9127,0.20387701156117108
9128,0.38020537014711725
9130,0.3289347464645465
9131,0.33561231137227826
9132,0.4428129016377751
9133,0.31818626625076113
9134,0.3289347464645465
9135,0.27740562714616307
9136,0.2521896481931157
9137,0.2973482203126583
9138,0.2666523694687204
9139,0.34285829777603677
9140,0.2633627894083052
9141,0.5075253249992928
9142,0.11237753889053953
9143,0.24928833767180225
9144,0.3162820649753321
9145,0.2684298668685102
9146,0.23095311901365417
9147,0.4688646309599424
9149,0.408916101941909
9150,0.11139574627660084
9151,0.1769091990590159
9152,0.1908906462427499
9156,0.3200280837651428
9157,0.1362582657365639
9159,0.3824166552449206
9160,0.3396499121072211
9161,0.35727703153458995
9162,0.4907471119798565
9163,0.3367592169793168
9164,0.3367592169793168
9166,0.23509247134480793
9168,0.28611503600931226
9169,0.281343474824972
9170,0.28611503600931226
9171,0.23633771757236943
9172,0.3280395404834792
9173,0.2783816412822424
9174,0.38228596792438846
9175,0.2869802391410566
9176,0.30201882099635036
9177,0.27187635810789135
9178,0.21288319049756116
9179,0.336263524735501
9180,0.35563175067190905
9181,0.4693886287475719
9182,0.2587874190065142
9183,0.307731729386038
9184,0.3227983858485009
9185,0.4983105035249573
9186,0.3780417401745977
9187,0.2986904456084023
9188,0.3846442960571954
9189,0.2342127461608708
9190,0.4391354300730454
9191,0.4544566223724743
9193,0.44437404383844625
9194,0.38175750684104753
9195,0.32803856485724175
9196,0.42920557959229827
9197,0.4765268288380198
9198,0.34847296424382074
9199,0.3513777031618951
9200,0.3536899442304628
9201,0.39544631528106133
9202,0.4416933380180482
9203,0.3332443924014287
9205,0.41538834440291633
9206,0.4800094926341789
9207,0.3531476329753115
9208,0.4800094926341789
9210,0.4011582183307564
9211,0.13480585695246458
9212,0.2610710892602473
9213,0.33000994318176863
9214,0.5089003007596048
9215,0.26218503431894047
9216,0.508462504601115
9218,0.2992441835502809
9219,0.3542243997726406
9220,0.38316729958058143
9222,0.32047090514518384
9223,0.293794918949116
9224,0.36552078177274955
9226,0.5510084224578953
9227,0.41344744031587116
9228,0.2692824047632286
9229,0.20569737260827117
9230,0.19358671031394384
9231,0.38380708821185866
9232,0.38317390189091893
9235,0.3860222968666852
9236,0.45226686743948086
9237,0.45226686743948086
9238,0.532662092649022
9239,0.3859229511295181
9240,0.5733941685593594
9241,0.5761423096430719
9242,0.6539021279364512
9243,0.5061845808800665
9245,0.3657423688828288
9246,0.5807269800583483
9247,0.3721655895135358
9248,0.5059409907155288
9250,0.43232005512552923
9251,0.32727831457333445
9252,0.3393963043259578
9253,0.546455906200534
9254,0.44665710747393844
9256,0.42217011261923626
9257,0.39733215418721785
9258,0.3327061502077767
9261,0.39472684286053356
9263,0.2612333984220953
9264,0.2520439670313083
9265,0.2426401094363552
9267,0.48950135860002747
9268,0.41916358091904476
9269,0.5715791609144765
9271,0.4364946878502391
9272,0.4956929594722373
9273,0.5894322190488858
9274,0.6270451103865933
9275,0.6836436180744739
9276,0.70729254362877
9277,0.6695822150115531
9278,0.47381121094348333
9279,0.3827661629474567
9280,0.326983236040113
9282,0.33578202321048783
9283,0.35481499723893345
9285,0.3271509536348994
9286,0.2772525437440345
9287,0.3271509536348994
9288,0.24109210276400717
9289,0.33979095872346066
9290,0.2680848441054868
9291,0.2680848441054868
9292,0.2680848441054868
9293,0.3332965081705032
9294,0.3609652241072554
9295,0.27787586027796707
9296,0.3035110960703022
9297,0.3397469117971489
9298,0.3461044110212406
9299,0.48238868690227094
9301,0.49680541219988605
9302,0.4592298306517846
9303,0.4040587850580344
9304,0.531374465071035
9306,0.4100161441441148
9309,0.4628136790556155
9310,0.39461928546737624
9311,0.39486421049647336
9312,0.39486421049647336
9313,0.40174514639217046
9315,0.4014756096176024
9318,0.3470235493922848
9320,0.3712151442670276
9321,0.38268869463627053
9322,0.38629583148767654
9323,0.3217209127902037
9324,0.5255833943894191
9325,0.5199324230459749
9326,0.4980672796707407
9328,0.4818457323571737
9329,0.4570045846835726
9330,0.499248184509903
9331,0.5253896336583703
9333,0.4441766145348638
9334,0.526249881067925
9335,0.2694017972413151
9336,0.2990807013481097
9337,0.24491206169398205
9338,0.4349128954084266
9341,0.5670241586036674
9342,0.7496635064688268
9343,0.7564046987681943
9345,0.6241080605486186
9347,0.6859728877937381
9348,0.560297803546114
9349,0.6080654630119287
9350,0.8322784754056041
9351,0.7389124812368884
9352,0.6499268865657415
9354,0.6339181775659154
9355,0.4778734372341327
9356,0.5524149305808237
9357,0.7091323026435219
9358,0.64829870587872
9359,0.6366377415745812
9361,0.5082922938023747
9362,0.7457120674752281
9363,0.6937212043506391
9364,0.35031935912636386
9365,0.35031935912636386
9366,0.35031935912636386
9367,0.35031935912636386
9368,0.3412357586259285
9369,0.34605093492184097
9370,0.7717184491784691
9372,0.4320025027120332
9373,0.7425317229084133
9374,0.7952954876386488
9375,0.6351268714616877
9376,0.7915572668478563
9379,0.7708405011787494
9381,0.5786040789045035
9382,0.6474276354518083
9383,0.7571261135125607
9385,0.726707537229717
9386,0.3063590334081814
9387,0.23757335973242635
9388,0.8054178204319693
9390,0.7861146041263113
9392,0.36050113020046864
9393,0.7587175728371002
9396,0.41278588781366055
9397,0.29425129315640314
9398,0.2760495971864328
9399,0.5675954994849163
9400,0.5822309029480789
9401,0.6432620540541191
9403,0.43720186361091035
9404,0.41278588781366055
9405,0.3932150833775852
9406,0.31011646666796666
9407,0.41278588781366055
9408,0.31293050688921886
9409,0.5214989067822726
9410,0.30323092892789894
9412,0.5450382206223794
9413,0.6665037605449178
9414,0.6923294197804286
9415,0.47444484480849697
9416,0.6840002569434395
9417,0.6883089922576129
9418,0.65217260188196
9419,0.6998676415428424
9421,0.6713428874953326
9422,0.7299963302686967
9423,0.49110572117343193
9424,0.7230630414356032
9425,0.6584787636694734
9426,0.6883089922576129
9427,0.5350340190000054
9429,0.7859053342903083
9430,0.7317331169526422
9431,0.766979753148721
9432,0.6832060905468285
9434,0.6883089922576129
9438,0.705283633159179
9439,0.5086197695042323
9440,0.5086197695042323
9441,0.5802254903764401
9444,0.4382100358702421
9445,0.4871883040408902
9446,0.38900251126120433
9447,0.4960918726136813
9448,0.40928434406310177
9450,0.36951092283820086
9453,0.27277978405846737
9454,0.2925445888594751
9456,0.2929014549864943
9457,0.28097925786463984
9458,0.3440812318433841
9461,0.25021708115093816
9464,0.8176313719521761
9465,0.738442188972458
9467,0.7226993973406823
9469,0.738442188972458
9470,0.6904088350510665
9471,0.4290185678510453
9472,0.4723280977804931
9473,0.6464873536773652
9474,0.5256857028880313
9476,0.4081564921852459
9477,0.3932150833775852
9478,0.4284419887848512
9479,0.5861690008074126
9480,0.6414909943266063
9482,0.578952214452066
9483,0.6775027436191233
9484,0.6324067147423871
9485,0.6598318884315945
9486,0.6741633739213915
9487,0.623751575991001
9488,0.6022381298413074
9489,0.5981777538556141
9492,0.6505373990986199
9494,0.6630325389637518
9495,0.7482589284409963
9498,0.6040304928446675
9499,0.5469402279273166
9500,0.580678062417925
9501,0.5825441656624926
9502,0.7069746586291372
9503,0.5576184622564003
9504,0.6602071358470476
9505,0.5576184622564003
9506,0.5419290139544019
9507,0.5643874928683849
9508,0.5469402279273166
9509,0.6128128897001985
9511,0.5269522458669054
9512,0.7608391863992683
9513,0.4367169078296799
9514,0.3497352542951671
9515,0.41432878499335957
9516,0.34559592960386976
9517,0.5501713361345548
9518,0.5102998814974906
9519,0.3277015021928087
9520,0.21763283878363596
9521,0.6115177659565246
9522,0.5920300003946458
9523,0.5465511067554258
9524,0.5783393685330618
9525,0.5434460850001094
9526,0.6066753627062473
9527,0.5553558994469585
9528,0.5921567498724006
9529,0.28963517406679035
9530,0.6100916651399618
9531,0.6180865332775045
9532,0.6313207576770247
9534,0.6271503004785518
9536,0.6833983590162529
9537,0.7396323099743636
9538,0.3630621407129347
9539,0.6276756885414552
9540,0.6038531530528031
9542,0.5849399528438196
9543,0.5849046573400941
9544,0.5867195238264165
9546,0.5911035711160714
9548,0.580810660019244
9549,0.5791246809020966
9550,0.5567705454144419
9551,0.6336346687627386
9552,0.6223010002594386
9553,0.6845840889422558
9554,0.7045527734492403
9555,0.6816814904474223
9556,0.4640444332241345
9557,0.40251208904719465
9558,0.3571492588054309
9559,0.4245740268880422
9560,0.44149472346596863
9561,0.4265895462830594
9562,0.5038310842402536
9563,0.465940489393469
9564,0.6644402550381465
9565,0.37394349017554007
9566,0.4984968020703003
9567,0.40928096821801274
9568,0.49617522148273635
9569,0.4810673605814799
9570,0.44855255807032524
9571,0.49617522148273635
9572,0.4520677573362992
9573,0.4511559402202795
9574,0.45564687536812126
9575,0.465940489393469
9579,0.43735517497287024
9580,0.4265895462830594
9581,0.43735517497287024
9582,0.42604687260185026
9584,0.7710090407406217
9585,0.7151999172689255
9587,0.4320025027120332
9588,0.4476602197711867
9590,0.5827277825268028
9591,0.7456856522024768
9592,0.550710796524048
9593,0.5315046818392705
9594,0.6133150972203987
9595,0.6075823954549134
9597,0.5818631241049882
9598,0.5818631241049882
9600,0.591496242775985
9601,0.4255700617261902
9603,0.6174526568069499
9604,0.6174526568069499
9605,0.5541030807668668
9606,0.5541030807668668
9607,0.4577898856706121
9608,0.5906605454681821
9609,0.5438745791047159
9610,0.5849399528438196
9611,0.4453327394962814
9612,0.4453327394962814
9613,0.5541030807668668
9614,0.6375799280361729
9615,0.22564138521076793
9616,0.5103204846852777
9617,0.49079219062068136
9618,0.5243461150535156
9619,0.5789864856097253
9620,0.4908740347738418
9621,0.500439202381762
9622,0.39855592413438673
9624,0.37444735108307303
9625,0.46912124086301576
9626,0.5917821720572609
9627,0.48998372439569526
9628,0.3913611343334283
9629,0.38688949617370494
9630,0.7721429379128111
9631,0.4491271543115102
9632,0.5045640350260268
9633,0.4849046638693794
9634,0.5972641892943182
9635,0.5604726427075939
9636,0.38361785884703153
9638,0.2850580068846686
9639,0.45669662964718793
9640,0.35175319945935607
9641,0.6694495629916553
9642,0.5815907526391831
9643,0.3934322187115642
9644,0.41029132095279025
9645,0.34087134965369986
9646,0.4179569587420666
9647,0.5344701551128775
9648,0.5220849482906186
9649,0.5257721550908938
9651,0.39559385046769985
9652,0.3874890306288635
9654,0.40934952637678057
9655,0.5386114236239316
9656,0.64388921782385
9657,0.5016459207417914
9658,0.6992773978816271
9659,0.6214214600602079
9660,0.4640444332241345
9661,0.7091209510289485
9662,0.4658985929169621
9663,0.6311251133101893
9664,0.6644402550381465
9665,0.6798915495305656
9667,0.6596991018092556
9669,0.8022672678257979
9670,0.5680127907112369
9671,0.6047527400597285
9672,0.612184766308858
9673,0.505339126903482
9675,0.5356892576736791
9676,0.6290111266172462
9678,0.6996525191445822
9679,0.7642068118608003
9680,0.5257918341687084
9682,0.599106264282407
9683,0.7974968577945479
9684,0.7858477308329498
9685,0.6034813638322372
9686,0.7005585182733887
9687,0.6099994536564172
9688,0.5508746243713958
9689,0.6188277106250217
9690,0.2672493289362255
9691,0.4570157428348544
9692,0.4433387411832133
9693,0.48813729758772606
9695,0.528806573695181
9699,0.6015709721683136
9703,0.8308970740840854
9704,0.7607782983701988
9707,0.6887923439831908
9708,0.8348368670468415
9709,0.48642231177816597
9710,0.5434460850001094
9711,0.8215965528084747
9713,0.6638360615342372
9714,0.618126734002225
9715,0.5336616727615751
9716,0.507401335318776
9717,0.5224049110760227
9719,0.4397426457686481
9721,0.787096738836772
9722,0.6942130024343703
9724,0.6618074785830785
9726,0.680939925779636
9728,0.5006790033415192
9729,0.5263290680448625
9730,0.45413344730017235
9732,0.5842900448242032
9733,0.6173542539692828
9734,0.6640482298650223
9735,0.5257698550254879
9737,0.6704098861388665
9738,0.4631138553087729
9739,0.6051974052179294
9742,0.5513056920784793
9743,0.3460850795515597
9744,0.7101945317448473
9747,0.778326903728673
9749,0.4362594127697003
9750,0.6237615893500892
9751,0.584365897561443
9752,0.584365897561443
9753,0.584365897561443
9755,0.5667242831539828
9758,0.4969252640419937
9759,0.18847985204060194
9760,0.2857797911800918
9762,0.44772487815068096
9763,0.3600865848523835
9765,0.2160746885573712
9766,0.48972139786570534
9767,0.45419163667901563
9768,0.5208263011921878
9769,0.5426367978195309
9770,0.45419163667901563
9771,0.32108859472167284
9773,0.38358337350867616
9774,0.6019008013709032
9775,0.3829771840141071
9778,0.6265201072770771
9779,0.37506435600740995
9780,0.29425129315640314
9781,0.2979548436721354
9782,0.2979548436721354
9783,0.2979548436721354
9786,0.4837076871452577
9787,0.5379296467809845
9788,0.5130912224195724
9789,0.30323092892789894
9790,0.3932150833775852
9794,0.2649912802050176
9795,0.44374306426525395
9796,0.4070982113353455
9797,0.26911329107745807
9798,0.6123941649421548
9799,0.26226946928497663
9800,0.34326594984909486
9801,0.548123547652715
9802,0.7445972029548055
9803,0.72986169428141
9805,0.6810629744945139
9806,0.7824357970199607
9809,0.7734587221186892
9810,0.5417373053414742
9811,0.8130938029788658
9812,0.50573570498607
9813,0.5443280443858721
9814,0.5060546708810073
9815,0.6174093384393647
9817,0.511948704948204
9818,0.5597478417909039
9819,0.4863387044416447
9820,0.7719538277207117
9821,0.86780792622005
9822,0.7619788312591185
9823,0.7528539993205211
9824,0.8304514771772273
9825,0.8143257488757437
9826,0.4239560943138449
9828,0.43341628835421114
9829,0.5381373207884954
9830,0.5258913075519251
9832,0.7658762057840801
9834,0.5412717347396846
9835,0.4367844241310941
9837,0.4864233745613799
9838,0.4677502661871872
9839,0.34728000128259023
9840,0.4283945701385359
9841,0.38648585885983894
9842,0.4002652091034754
9843,0.4521786212850886
9845,0.4002652091034754
9848,0.5434460850001094
9850,0.5894097312523807
9851,0.5894097312523807
9852,0.6221787979381066
9855,0.36258288624740603
9856,0.32543455671286214
9857,0.38764281106715254
9858,0.32783779738601276
9861,0.6232182914455688
9863,0.435935626670618
9864,0.5342016950811732
9866,0.49322794835824785
9867,0.7743977261896254
9869,0.3368748196852359
9870,0.5357200515371299
9873,0.4841613254190091
9875,0.4934708005133459
9877,0.5859171703918594
9878,0.6225089963529675
9879,0.609221375976035
9880,0.7614373396197693
9884,0.45759498292181905
9885,0.6017602164409754
9886,0.27451527521764585
9887,0.7014681716055102
9890,0.6499731090203948
9892,0.6346475310487361
9895,0.5554556168871149
9896,0.5242834069457908
9897,0.49219101282291583
9898,0.5242834069457908
9899,0.5580709485631529
9901,0.4443887865401221
9902,0.4597514085323626
9903,0.38914629850407784
9905,0.557419518498736
9906,0.5096357738405012
9909,0.4238882568473239
9910,0.6250969001739475
9911,0.5302396257283729
9912,0.759546903746026
9913,0.750384396633689
9915,0.5048427873039927
9919,0.6162853335990763
9920,0.5863015891207757
9921,0.5804738403879034
9922,0.6505130599387084
9923,0.5388529561047516
9924,0.6061822366425845
9925,0.6060038245027672
9926,0.7102393621314392
9927,0.6488262622411503
9928,0.517804187033954
9930,0.5365389152519201
9932,0.5729459985528245
9933,0.5243270836686759
9934,0.6162853335990763
9937,0.46550107095934695
9938,0.5122964741775696
9939,0.6168354957857364
9940,0.5945379433606837
9941,0.7048437446062251
9942,0.653868127232429
9943,0.6060915276523772
9944,0.6061069605828294
9945,0.6996942377469302
9946,0.6816934997247571
9947,0.6759115041376348
9948,0.6500861346222102
9949,0.6737252454841174
9950,0.654344973297245
9951,0.64388921782385
9952,0.5444169702332786
9953,0.6996942377469302
9954,0.7649494955779049
9955,0.4878003805671261
9956,0.5375459624955484
9957,0.4848519233766865
9958,0.49195749822151785
9961,0.5065893056006401
9962,0.5848057375536325
9964,0.6388632274776864
9965,0.5863564292116241
9967,0.5426143359219919
9969,0.51161841488537
9971,0.6213261574607378
9972,0.5630943736156215
9973,0.424263360720684
9974,0.7148620331823755
9975,0.5699788498530378
9976,0.5166957461625358
9977,0.5772171811283869
9978,0.6559558279513383
9979,0.6738279769255691
9980,0.641522060005176
9981,0.5602359058058801
9982,0.5635421831554405
9983,0.5699788498530378
9984,0.5015017133500409
9985,0.6219589875511449
9987,0.5514743399258168
9988,0.5322594564478166
9989,0.5531333302673641
9990,0.6366996120209425
9991,0.5519338750825473
9993,0.36435364542086396
9994,0.45727788104508504
9995,0.6762436832833332
9996,0.5407023614035951
9997,0.701563134817264
9998,0.6541011256406315
9999,0.6737252454841174
10000,0.6978914657217599
10001,0.6737252454841174
10002,0.6996942377469302
10004,0.6996942377469302
10006,0.5677576161569123
10007,0.6072527327228134
10008,0.5314034822045437
10009,0.6246032704445972
10010,0.7080582070590012
10011,0.6676403246642998
10012,0.5617414592944301
10013,0.34552803479559085
10014,0.8229324636412833
10015,0.8165934002191955
10016,0.8099988565083117
10017,0.4534128624491245
10018,0.4844031317488798
10019,0.6821788716558306
10020,0.6406907319486623
10022,0.6289975192270986
10023,0.636373488692483
10024,0.6281163088342501
10025,0.692398008723428
10026,0.43782492694372016
10030,0.5313885985593232
10031,0.48052447799264475
10033,0.4657082825758571
